3083	5
1484	5
336	2
336	8
3013	1
3013	8
1168	5
1332	1
3845	11
2626	8
2934	5
3343	8
1793	8
1793	17
1160	8
2996	5
285	5
75	8
1665	5
1572	5
2176	6
2176	8
1133	16
2281	15
2146	8
3390	2
2142	8
2231	8
3228	8
1661	5
1609	5
1609	14
355	8
1906	8
1906	14
1906	17
3767	5
1066	5
1070	5
1498	3
1498	4
1498	5
1498	12
3443	16
3587	12
2164	8
2083	7
1076	17
1414	6
1414	8
1414	13
3722	5
3722	12
1724	8
272	13
272	16
1611	18
3674	5
3674	8
3674	14
1759	11
1346	11
3233	6
3233	10
3233	16
2823	8
2339	14
2339	17
237	8
354	11
354	14
1452	16
1202	8
2586	5
2586	14
688	5
688	14
2340	8
3174	5
3174	17
781	11
781	15
1591	1
1591	2
1591	11
433	14
2695	1
2695	2
590	5
590	12
2342	5
3805	5
3805	12
3805	14
1042	5
2707	16
2711	8
2390	5
1962	13
2932	16
2453	11
2179	5
2692	14
3849	2
2846	5
2846	12
2846	14
1613	12
1352	8
1342	5
2724	13
935	5
2796	16
1003	16
3396	8
39	8
39	12
365	5
365	12
365	14
1442	8
2508	8
2508	17
1553	8
3231	8
492	5
492	12
492	14
2076	3
2076	4
2076	12
1257	5
1257	12
546	8
320	6
320	16
1136	1
1136	2
405	8
405	14
694	5
3143	8
1002	5
1002	13
1002	14
1002	16
1791	5
3329	8
3329	14
3329	17
1188	2
1188	3
1188	4
1857	8
1348	4
1348	8
273	8
2178	8
103	5
103	14
41	8
1754	11
3517	6
3517	8
1721	2
1721	4
1721	8
1721	12
3656	5
1948	11
1948	15
2411	5
1482	8
2350	18
535	3
535	4
535	12
1841	16
1771	8
3199	5
2862	18
2851	5
3741	2
1695	11
1626	8
1825	5
1825	14
581	3
581	4
1650	14
1650	16
885	8
885	14
885	18
3225	5
3225	14
886	8
1409	3
1409	4
1409	12
3581	8
1254	5
1254	14
3593	10
3593	13
1897	8
1438	5
549	8
549	14
3499	5
3499	12
2960	5
486	13
486	16
2541	11
1617	3
1617	4
2732	8
3093	8
3093	14
3093	17
1839	1
1839	8
1839	17
254	11
335	5
335	12
2361	18
2747	8
2747	17
900	11
1587	5
3012	16
102	5
102	8
102	17
1480	2
1480	17
3342	11
3359	8
3359	17
3532	5
3532	13
2419	18
3812	8
3812	16
2956	3
2956	4
2956	5
1398	10
1398	16
3096	11
1872	5
1872	13
1872	16
1242	10
1242	11
2835	6
2835	10
920	1
920	8
920	17
1880	13
1880	16
2415	8
2415	17
681	5
379	11
2209	6
2209	10
2209	13
1522	8
1522	16
1522	17
2534	12
987	11
974	11
3604	10
3604	16
3319	5
3319	12
378	8
378	17
2952	11
1833	8
1833	14
1840	8
1840	14
577	11
763	8
1446	8
3072	13
3072	14
3072	16
467	17
396	3
396	4
396	12
1109	8
2326	6
2326	8
881	10
881	13
1954	8
2769	18
249	10
498	8
555	3
555	4
555	12
937	10
937	14
937	16
3726	2
3726	3
3726	4
3726	12
930	16
1473	8
1856	18
1823	6
1823	10
760	3
760	4
760	12
127	8
2771	8
2771	14
1134	2
1134	14
2535	6
3322	8
3759	5
689	10
1219	8
3243	5
455	10
2472	10
2893	5
2893	11
744	10
908	8
1113	6
1113	10
1113	16
1777	6
1777	8
1777	10
1777	16
1020	8
3859	8
2253	3
2253	4
2253	12
1831	5
1831	8
3201	10
734	16
133	2
2466	8
3094	6
3094	8
1280	12
944	2
944	4
944	8
2966	14
328	12
3663	4
3663	8
610	13
610	16
1698	8
220	8
3560	8
3046	6
3046	10
3163	5
793	3
793	4
793	12
2914	8
874	15
1481	5
2967	15
161	5
2912	4
2912	8
1545	15
1585	13
1585	16
155	10
2886	13
736	1
736	2
736	14
736	17
3777	3
3777	4
3777	12
1114	12
1114	14
2091	8
2359	1
2359	2
2359	17
2384	8
2384	15
83	12
3082	8
1326	8
1326	14
2917	10
2917	16
2617	8
2185	15
2519	6
2519	8
3183	1
3183	8
3507	2
3507	5
3507	15
1329	8
3579	18
1729	8
3246	2
3740	5
3740	14
3548	12
3548	14
520	2
3226	8
1743	5
1743	12
3285	8
3285	14
3285	17
240	8
131	10
2543	16
2847	15
1246	8
1246	16
3086	3
3086	4
3086	9
3086	12
502	15
3649	5
3649	14
757	8
757	18
1248	8
1248	17
3636	5
3636	8
1204	1
1204	8
2110	1
2110	15
2110	17
2500	2
2500	4
2500	9
2500	15
727	11
403	15
3376	13
3376	16
3109	1
3109	15
3664	6
3664	8
977	8
1057	6
1057	8
926	13
926	16
2869	5
2869	14
1922	1
1922	8
3151	15
3151	16
3151	17
271	2
1654	12
1196	10
3045	11
3045	15
1213	18
1693	8
2907	8
3189	12
1874	15
799	10
207	3
207	4
207	5
207	12
207	14
1651	14
1035	18
1178	8
167	8
167	14
2772	5
2772	8
2772	17
2660	8
1012	8
134	8
1362	11
1362	15
3388	5
3388	14
3388	16
1083	13
1083	16
3140	2
3140	5
3580	8
3580	16
477	15
2195	8
198	15
342	8
154	2
154	17
1873	11
1873	15
172	15
2791	6
2791	10
1945	12
479	16
1308	15
2799	8
1536	18
64	15
2876	8
1602	11
1602	15
582	14
1121	8
1121	17
831	11
2564	11
26	8
432	5
432	12
3158	7
311	5
311	8
500	15
3522	5
3522	14
2343	5
1787	8
2417	4
2417	8
1253	5
682	5
682	12
682	14
3787	8
3787	17
3755	15
3755	16
1544	8
3292	8
3292	10
3292	16
2848	1
2848	2
2848	9
2410	5
2410	8
2308	5
2308	14
3314	14
3314	18
519	11
519	15
1017	8
3760	11
3760	15
3577	12
1288	11
2072	8
2072	12
2880	8
393	8
774	1
774	8
2513	2
2513	8
2240	11
2240	15
1796	5
1796	8
2081	17
2263	12
2263	14
2263	17
3571	18
2033	6
2033	10
2033	16
1377	13
1377	16
791	8
791	13
1817	8
955	11
856	5
2686	1
2686	2
2686	8
3004	11
3004	15
2725	2
2725	4
2725	9
3394	11
3394	15
3783	11
3783	15
359	11
359	15
1565	11
2793	8
2793	16
1530	8
1541	17
3633	8
723	11
723	15
940	8
989	4
989	5
3070	3
3070	4
3070	12
401	5
401	6
2959	8
70	11
497	11
2387	5
2387	8
3786	11
934	8
2155	12
2808	8
692	4
692	8
3610	5
3610	11
496	11
1682	8
1682	11
1682	16
1837	6
1837	16
3031	4
3031	5
3031	8
3213	11
3213	16
923	8
438	2
438	4
576	11
576	15
576	16
1228	4
1228	5
1228	9
2436	4
2436	9
2436	12
3554	5
3554	12
3842	8
3842	14
3360	8
3360	17
3456	1
3456	8
3456	17
3655	8
708	16
2780	8
2398	8
3494	8
1294	3
1294	4
656	4
656	8
263	11
2416	8
2621	8
2040	2
2040	15
3039	12
3039	14
1492	5
1492	8
1492	18
216	10
216	16
217	11
217	16
1094	8
905	8
2217	1
2681	12
3124	2
3124	4
1218	1
1218	15
2779	2
2779	17
1728	2
1728	4
1625	8
957	8
957	18
2434	1
2434	8
2434	17
2857	10
2857	16
2826	1
2826	2
2262	11
3749	8
3253	8
3253	16
1018	8
3212	5
2059	11
531	11
2218	5
2218	13
2218	14
2218	16
2481	11
2481	15
2481	16
672	15
672	17
3108	8
2183	1
2047	2
2047	17
821	11
821	16
3804	8
3804	18
2428	2
2428	4
1789	5
1390	2
1390	8
1390	16
3242	6
1960	8
306	5
634	5
634	11
2591	4
2591	5
337	3
337	4
148	5
3730	11
1295	8
2661	5
3255	1
3309	8
3412	5
3412	12
2258	16
1861	4
1861	5
1861	12
42	11
2919	12
2919	14
2741	5
2266	8
2266	12
809	1
809	18
15	12
1279	16
3838	8
3603	8
1021	11
1532	15
3498	8
2109	5
2109	18
1441	11
3206	8
3206	14
3206	17
2	1
2	5
2	8
3134	5
3134	12
1053	5
1053	12
1983	5
1933	16
2064	16
3724	8
1969	18
264	8
407	16
314	8
314	14
126	12
1270	4
1270	5
1270	13
1153	1
973	11
3371	18
3193	8
3193	13
2049	1
2049	18
1463	8
1652	7
3721	2
3721	15
149	5
149	14
918	8
896	11
630	16
966	8
966	14
3215	8
566	5
111	8
1375	5
2671	6
2671	8
2184	8
416	5
416	8
2546	1
2546	17
3723	2
3723	12
887	18
1814	4
2127	8
2127	14
2654	5
2654	8
959	18
2899	5
2899	12
1762	5
1826	5
1826	17
2485	5
2485	8
1988	8
1988	13
2647	3
2647	4
2647	5
2647	12
837	15
3556	18
1191	5
2494	8
3426	8
3426	13
3426	15
3426	16
1312	2
1312	15
2632	4
2632	5
742	2
742	4
1217	6
3614	11
1925	17
2651	8
3078	8
3078	17
1784	8
1862	11
1862	15
925	5
2539	12
3461	1
3461	15
2276	5
2276	12
257	8
257	14
2665	11
2665	16
2156	6
2156	8
2156	16
2858	11
1501	3
1501	4
2498	3
2498	12
850	8
122	8
1176	1
1176	17
800	1
800	5
800	18
1174	18
204	8
1790	2
1790	8
3742	5
2556	4
2556	5
591	18
1711	8
3024	1
1330	11
211	5
1827	8
1628	16
1957	2
1957	18
2459	6
2459	16
3068	18
1538	8
3540	3
3540	4
353	8
2365	1
2365	15
750	4
750	5
2910	8
3454	8
701	1
701	5
701	17
1928	5
1928	8
1928	18
1183	6
1183	16
185	8
185	17
2488	11
2530	5
2530	6
2074	17
2515	5
1081	4
1081	5
1589	5
2628	5
2628	17
162	4
162	5
1758	2
1758	4
1758	12
1290	8
2774	8
3059	15
2402	1
2402	15
1515	1
1515	6
1515	8
1515	16
3009	16
3437	5
3594	8
3594	13
2797	8
3076	8
3076	18
2139	1
1566	15
510	7
3405	11
2205	8
2516	1
2516	6
1111	5
1111	14
1395	8
1400	2
1400	4
1400	5
1400	9
1364	18
1056	11
2514	18
1230	12
1230	17
2129	8
2675	1
2675	15
1847	2
1847	16
1271	8
3856	5
1636	16
2712	1
2712	6
2712	8
1190	8
1376	18
898	11
2483	18
997	6
997	8
1067	11
3625	2
2010	11
3061	5
1997	1
1997	2
201	5
2517	1
2517	6
1206	8
1206	15
2502	5
2502	8
1870	11
1266	6
1266	8
428	1
428	15
2639	11
1407	1
1407	6
1425	11
3334	3
3334	4
1760	11
213	8
48	5
48	8
1835	1
224	6
307	18
521	5
521	8
521	18
2303	8
2637	8
716	8
3530	3
3530	15
3194	3
3194	4
3348	6
3348	8
882	1
882	6
666	5
666	15
524	15
524	16
1738	5
1738	6
2948	8
2997	8
1149	1
1149	15
1149	16
1149	18
3238	8
3043	2
3043	4
2215	5
2215	18
3753	11
753	5
753	18
3665	10
3665	13
3665	16
2834	8
2834	13
2158	1
2158	8
2985	2
2985	8
553	1
468	1
468	6
468	8
2872	1
2872	2
95	2
95	4
95	5
3216	11
1598	5
1943	1
1745	5
1350	8
1170	16
1456	5
822	8
2775	1
2331	11
2753	1
1664	1
1664	8
897	8
3578	5
3578	11
550	8
2767	4
2767	5
2767	18
3053	8
117	7
2590	5
2590	6
2590	8
1612	2
1612	4
1612	9
771	1
771	11
435	5
2830	11
1429	2
2044	8
2044	12
1284	8
2131	8
2131	13
538	5
538	11
538	12
538	15
2492	5
2492	14
1048	15
1048	16
509	6
402	16
2374	8
2374	12
2469	5
2469	8
833	8
2465	8
3119	1
3119	16
3186	8
2060	11
2994	11
106	11
2012	8
2012	11
503	5
503	16
3326	17
739	5
1373	1
1373	2
1373	11
3311	1
3311	2
3311	15
2412	16
1991	5
1991	8
1385	11
326	18
2557	5
2557	8
2674	1
2674	8
368	8
2254	4
2254	5
2720	2
2720	12
2720	14
2154	8
2154	16
489	8
409	8
3469	5
3469	14
3289	11
1497	2
1497	4
1497	5
2714	8
2714	15
471	11
163	2
163	4
1904	4
1904	5
3673	5
3673	14
608	5
3395	2
3395	4
3395	5
932	11
3414	2
3414	15
411	5
2058	2
2058	3
2058	4
2058	12
1502	3
1502	4
2286	8
2286	16
2881	1
2881	2
3423	1
861	1
861	2
861	9
861	15
3479	8
740	1
3202	6
3202	8
38	16
1768	8
2250	4
2250	5
2250	15
1679	16
3220	8
3220	17
777	11
658	8
915	8
915	17
1098	13
1098	16
1475	1
1475	17
2177	11
2608	5
2608	12
2608	14
2079	11
775	5
3305	5
3305	18
2879	8
3274	8
3277	1
3277	11
1291	2
1291	3
1291	4
1291	15
1757	8
504	5
3104	11
3104	15
400	4
400	15
1186	1
1186	2
1186	15
2283	5
2237	5
1842	3
1842	4
1842	8
1842	9
2811	8
2811	16
2982	8
888	1
888	11
888	15
888	16
1805	12
3245	11
3155	8
3155	17
2103	4
2103	5
2103	18
3553	5
2522	2
3112	15
2540	8
3460	8
3686	8
2138	8
2115	5
2025	5
2845	8
700	5
683	1
683	15
820	5
820	8
820	14
1193	5
3097	15
747	1
747	14
747	15
1264	4
1264	5
3624	5
3624	8
3836	8
2048	11
2048	15
262	1
262	8
2575	13
2575	15
1624	1
1624	2
1624	15
1963	1
1963	5
2454	8
2454	17
2832	5
2445	1
2445	11
2445	15
226	8
2887	6
2887	8
2887	14
383	5
383	11
587	2
587	8
587	14
3084	1
3084	5
3084	12
2484	2
2484	8
2484	14
3590	5
139	8
1157	8
1459	1
1459	2
1459	8
1459	15
1459	17
79	5
3085	5
902	11
3782	11
96	5
3177	2
3177	4
3177	5
2717	5
2171	8
2892	11
177	8
177	17
356	8
924	8
1846	8
3462	11
567	2
567	5
567	12
1666	5
176	11
175	8
2136	8
2136	16
499	1
499	17
2589	11
1041	8
1041	14
2065	5
2065	8
2951	1
2951	2
2951	15
3020	2
3020	9
3020	15
1444	5
2360	8
972	3
972	12
1716	11
2353	5
2353	14
2636	1
2636	11
446	6
446	16
116	1
116	8
116	17
350	5
2768	8
1575	8
548	1
548	2
1125	1
1125	2
1125	4
1125	5
2334	6
2267	8
2267	16
1424	1
1424	8
970	7
613	5
547	1
547	8
547	13
547	14
547	16
1391	1
1391	2
1391	15
1391	16
296	1
296	8
296	9
296	14
2192	11
2981	1
3596	3
3596	4
362	11
2375	11
1514	4
1514	5
1810	2
1583	11
2422	1
2422	2
2422	3
2422	11
2422	15
3044	11
875	5
317	11
557	1
557	2
557	8
3441	1
3441	15
1576	8
1576	17
1357	8
2126	1
2126	8
1421	8
3694	8
3694	11
450	6
450	16
3232	8
3011	1
3011	2
2950	8
1701	5
2731	5
858	5
2885	11
2729	5
1761	10
1761	15
2245	11
1339	11
2669	4
2669	9
2669	15
3041	5
3041	6
3041	16
569	5
569	8
156	8
137	4
137	8
137	9
137	15
2973	8
2292	8
1292	5
3453	1
1095	2
1095	8
3268	8
1243	11
2427	8
2421	5
2421	12
2421	14
2818	8
1100	5
1100	7
802	3
802	15
3490	11
31	5
1261	8
3404	5
3707	5
3851	11
3851	15
1361	8
2571	8
2571	12
2571	17
333	11
333	16
480	5
310	8
1354	1
1354	8
1483	3
1483	4
1811	11
2366	8
3328	8
1910	1
1910	2
1910	15
2471	11
2471	15
725	8
2624	1
2624	11
2624	15
2624	16
3800	1
3800	2
3800	9
3800	15
3565	8
3547	5
3547	12
1356	8
2568	5
3422	11
232	5
232	8
1404	1
1404	8
1404	14
1404	16
1775	11
3670	5
3670	8
3150	5
406	11
406	16
1681	11
1681	16
33	5
1372	8
1372	14
3261	11
1792	11
3338	1
3338	11
2949	7
2949	17
1896	5
2373	5
2080	5
1306	5
1306	8
2975	8
1556	5
3167	8
151	11
3598	8
2464	5
508	5
3806	11
3806	16
958	1
958	2
958	14
958	15
958	17
3597	8
663	5
2613	11
2097	4
2097	11
3428	1
3428	2
3428	15
3168	8
1150	5
1150	8
382	5
523	8
523	14
3279	13
3279	15
2536	2
2536	5
2536	15
3757	14
1315	8
527	5
2574	8
2574	17
3270	5
3270	14
1458	8
1458	10
2971	8
2971	15
2850	8
1525	11
1525	16
2114	8
709	2
709	6
709	15
709	16
2807	9
2807	15
1801	5
1801	17
3792	8
1382	11
1382	16
2118	5
2118	8
3063	8
138	11
1423	5
1423	11
982	1
982	15
1971	8
2358	5
2358	11
2191	1
2191	2
1981	8
2130	8
2130	17
84	8
1077	5
231	13
1916	1
1916	17
2706	4
2706	5
2075	8
2659	1
2659	11
2659	15
642	11
2166	8
2166	15
1560	5
1560	14
2229	6
2229	8
2229	16
3852	8
230	8
939	5
995	1
1129	8
135	1
135	17
2031	5
2031	15
2383	8
690	1
690	2
690	5
690	14
1670	15
1670	16
950	5
2493	8
3037	5
3037	9
3037	14
1250	1
1250	2
1250	15
2275	2
2275	8
2275	14
2275	15
3400	7
3312	5
1964	1
1964	2
1964	9
661	1
661	15
661	16
193	5
193	8
193	12
3779	2
3779	4
3779	9
3042	8
3042	13
2467	8
824	2
824	15
1440	5
1440	15
2531	5
2456	3
2456	4
568	15
380	5
380	8
2125	11
3403	5
3403	13
2790	5
2790	15
2822	8
2943	1
2943	8
2643	5
2643	14
3418	1
3418	2
3418	8
1859	1
1859	6
1859	16
1415	5
312	5
424	11
3373	5
3373	11
1075	2
1075	4
1075	9
735	8
3330	8
1049	11
635	16
2132	1
2132	2
2132	5
2132	14
891	2
891	4
1062	2
1062	9
1062	14
1052	2
1052	9
1052	14
1619	11
1619	15
2761	1
2761	15
676	1
676	17
2758	8
2086	5
2086	14
931	2
931	15
3035	5
323	11
2219	8
2219	9
936	8
936	14
3415	18
426	5
3586	8
665	5
1384	5
2668	5
2668	8
2668	14
1333	5
1333	8
1333	14
1807	1
1807	17
533	8
533	17
3737	11
699	5
1659	1
1659	2
1680	2
1680	4
1680	9
1680	15
835	1
835	8
487	1
487	2
487	8
487	16
2397	8
3139	2
3139	4
3139	9
3353	4
3353	5
3535	8
3535	14
3564	5
3564	11
2625	8
1588	8
94	1
876	5
1938	5
1571	8
1571	14
1571	16
209	1
209	2
209	13
759	8
2551	2
2551	5
3758	8
1161	1
1161	13
1161	16
1412	5
1412	8
1412	14
2511	1
2511	15
2511	16
2511	17
1147	3
1147	4
1147	5
1519	12
2429	11
9	5
9	11
3467	5
3467	6
2352	8
2159	5
3640	1
1286	8
417	1
417	5
1931	8
1931	13
2735	8
2735	9
1013	5
2023	8
3358	1
3358	11
3358	15
2963	8
2458	5
2458	11
2278	8
2888	5
2888	8
3574	11
3638	8
3173	5
3173	8
109	8
109	16
2085	5
3771	2
1297	2
1297	4
1297	15
2722	11
2722	15
1875	11
483	1
483	2
483	5
2690	8
2690	11
1967	3
1967	4
1888	5
1888	8
152	5
3472	1
3472	17
691	5
691	8
863	1
863	2
2391	8
3518	8
3550	5
3550	11
373	2
373	4
373	15
2505	1
2505	17
2512	8
3825	1
3825	5
3825	14
3825	16
2011	1
2011	8
2011	16
3538	1
3538	2
3538	8
1977	11
1359	1
1359	2
1359	11
283	2
283	4
283	9
3524	1
3524	2
3368	5
3368	11
3368	12
3747	1
3747	2
3747	5
3572	8
3429	8
2206	11
1303	8
3710	5
3710	16
1034	5
2976	8
2976	13
3802	8
1800	5
1683	13
1526	8
1389	5
1389	11
1389	15
941	8
1892	1
1892	16
1779	11
451	5
998	5
456	8
2642	5
2642	14
894	8
894	17
2497	5
2723	11
2723	16
2145	5
2145	8
2145	14
3162	11
3162	16
514	11
514	16
752	8
752	14
1772	1
1772	5
2246	5
191	2
1712	5
1712	14
101	8
2002	11
174	5
2906	2
2906	5
2906	8
643	1
643	2
643	15
2311	5
3829	5
3829	8
196	11
376	8
1478	5
1478	18
3187	1
3187	14
2685	5
3367	11
1102	8
1869	8
1869	14
2052	1
2052	6
3826	8
1059	2
1059	5
239	2
239	5
1718	1
1718	2
783	5
783	14
1258	5
1258	8
1258	14
2759	10
2759	13
2759	16
754	1
2683	5
2683	11
1031	16
289	11
289	16
903	2
903	4
996	5
996	14
10	1
1247	5
1247	8
1247	14
2687	5
2272	11
324	5
324	9
724	11
2111	1
2111	8
3575	12
3575	14
2379	1
2379	2
2379	5
2379	11
574	16
1393	1
1393	6
1338	5
2870	1
2870	8
2870	17
145	2
145	4
1112	11
3591	5
3591	8
3591	17
2974	5
27	11
3794	11
3539	1
3539	11
3539	15
482	5
482	8
482	14
1353	9
282	8
282	17
773	5
773	11
2181	1
1816	8
3631	8
3631	17
1388	1
1388	5
1388	6
1388	8
1900	8
589	8
219	8
219	14
1980	5
637	5
1820	5
2926	5
2926	11
790	5
790	11
1495	11
1834	16
3725	5
3725	13
3837	5
266	1
266	15
266	16
3717	8
241	1
241	2
241	5
241	14
3382	5
3382	8
1004	5
3827	1
3827	6
3827	15
2013	1
2013	2
2013	15
1858	11
1014	11
2399	8
2399	14
746	1
746	6
746	16
341	5
341	15
2664	8
2438	1
2438	2
2438	15
1848	8
2213	5
2213	8
3679	1
3679	6
3679	8
3491	5
3491	8
1316	1
768	5
2820	5
2443	8
1433	1
1433	5
2053	2
2053	3
2053	15
2053	16
2631	6
2631	8
2631	15
593	5
593	9
3091	8
3091	16
2748	5
2748	9
659	1
659	17
3769	5
3719	16
349	11
843	8
2792	8
3781	5
3781	15
573	8
1005	8
1005	14
35	8
35	16
3488	7
1655	1
1655	16
3047	5
1819	11
2676	5
363	8
1050	2
1050	14
3618	5
3618	8
1203	11
2474	11
1788	1
1788	17
965	8
3236	15
1999	8
2840	5
2056	1
2056	2
2056	5
2056	6
2270	11
2270	15
2300	5
2300	8
180	5
720	2
720	9
720	15
2657	11
92	5
92	8
92	14
1829	3
1829	4
69	2
3750	11
3609	5
2815	11
2815	16
2014	1
560	11
3127	8
3017	1
3017	17
1503	1
1503	5
2529	8
123	5
3641	16
1181	5
3064	8
1699	1
1699	16
3521	1
3521	14
3521	16
1436	7
3081	5
3018	8
845	7
845	12
786	8
1952	2
1952	5
2480	2
2480	3
2480	10
702	1
702	2
702	9
1641	5
1641	8
2355	1
2355	5
2355	18
2789	5
1535	1
1535	2
1535	15
1535	16
58	3
58	4
2764	5
2764	15
1926	1
1926	2
1926	6
1926	8
1959	2
2538	4
686	2
686	4
2962	8
2962	15
2962	16
615	8
1472	5
3439	16
1430	8
1314	1
1314	16
3822	5
3822	8
2931	8
3534	8
2069	6
2069	8
3430	8
3430	14
3235	8
2562	5
559	11
559	15
1753	7
2015	11
2566	11
2029	5
2029	11
1849	1
1849	8
1849	17
927	5
3504	11
93	5
3170	8
3170	17
529	2
529	4
529	5
529	9
529	15
2280	1
2280	2
807	1
807	2
807	8
11	5
585	1
585	5
585	6
585	8
1255	1
2705	3
2705	4
2705	5
2705	12
2705	14
1903	8
3144	5
3144	6
3144	8
98	5
2102	11
1782	5
1782	8
1524	11
3281	5
1798	4
1798	8
1195	11
2662	11
2662	15
2662	16
3611	5
3611	7
3040	8
3040	14
3074	5
3074	8
3074	14
2921	5
1365	1
1365	2
1365	15
3763	8
1233	5
1233	11
662	5
662	11
194	8
76	5
1493	5
1493	14
3413	5
1224	8
1677	1
1677	5
721	5
721	8
721	14
398	7
3600	11
878	1
878	5
878	15
878	16
641	8
3357	5
3357	15
3357	18
495	1
495	2
495	14
495	16
404	5
2604	5
2604	11
3210	11
2030	8
2030	14
3785	3
3785	5
3056	1
3056	8
3056	14
3576	2
3576	8
3576	18
1577	1
1577	14
3483	1
3483	6
2299	1
2299	16
300	8
300	14
512	11
3798	1
3798	2
3798	5
3525	16
3857	11
80	5
80	14
80	16
2107	1
2107	6
2107	8
3165	6
3165	8
3436	11
3436	16
2170	5
2170	11
606	6
606	8
606	10
445	11
445	16
472	8
2782	5
115	6
115	11
2140	4
2140	5
2249	8
2249	14
1687	5
3784	1
3784	16
595	11
595	13
595	16
210	1
210	6
188	11
2580	8
664	1
664	8
3136	8
3765	5
2827	8
2528	11
2407	8
3766	5
2357	2
2357	4
2357	9
2866	16
917	16
2694	7
620	1
620	15
620	16
3752	5
3752	14
3432	5
25	8
3634	11
3634	15
3634	16
2037	5
1464	3
1464	4
3444	1
3444	6
3444	15
784	1
784	8
3566	5
3566	8
2208	8
465	11
160	15
160	16
347	11
3685	8
3685	14
2120	11
3265	1
3265	4
3265	9
2916	1
2916	2
2916	15
2916	16
3383	8
3184	8
3271	8
329	1
329	5
329	18
1448	8
2295	5
2312	8
2312	14
2594	3
2594	4
2594	5
1234	1
1234	8
2197	3
2197	4
2197	12
3481	8
3481	15
3647	11
598	5
598	14
182	5
434	16
1140	5
1140	8
2224	8
2558	8
2392	13
2392	14
2392	16
1741	5
3546	5
3546	14
2004	5
2004	15
181	8
181	12
2891	8
1177	5
1177	9
2362	8
2362	14
1667	8
2954	1
2954	6
2954	16
2212	5
2212	8
2212	14
743	11
3291	8
3492	6
3492	8
3387	5
2268	2
2268	9
1623	5
1513	8
1513	13
1749	8
1749	14
728	5
728	14
3027	5
1672	7
611	5
611	17
1216	13
1216	16
2629	8
225	5
3332	5
3332	8
3748	2
3748	5
1380	16
3355	8
889	8
889	14
1331	5
3637	11
3637	15
3637	16
469	5
469	8
1883	8
1883	13
852	8
2385	1
2385	2
2385	15
3644	8
3543	5
2933	8
2933	16
391	5
1101	1
1101	2
1101	15
1182	1
1182	4
1182	9
2310	1
2310	15
2310	16
1632	1
1632	8
1697	8
1557	5
1557	8
1416	5
1936	5
2987	1
2987	17
2367	3
2367	4
2367	5
2367	12
2801	1
2801	11
2801	15
2801	16
2008	11
2601	6
2601	8
2449	7
1692	13
1692	16
3427	1
3427	2
3427	5
3427	6
2424	5
1201	1
1201	8
1201	14
1201	16
1803	5
1803	14
3438	5
3438	11
40	11
40	14
505	5
505	11
3148	1
3148	5
3148	6
3148	8
976	11
825	5
1620	11
1355	8
1355	14
1079	11
78	8
78	14
78	17
3060	8
991	8
3643	8
2243	5
1327	8
2228	5
3172	5
63	8
63	14
1212	6
1212	8
2050	2
2050	14
2050	15
3057	1
3057	15
425	8
1996	3
1996	5
1656	16
68	8
1097	11
842	5
842	8
1773	4
1773	5
3487	4
3487	5
3487	15
3420	5
3420	14
3853	8
869	8
869	14
1476	16
3101	1
3101	16
1529	8
668	1
668	6
1876	1
1876	14
1876	17
2776	1
2776	15
2776	16
1194	5
1194	8
2842	1
2842	5
2842	6
2842	8
827	3
827	4
1236	8
3774	8
2770	1
2770	16
964	5
3120	2
3120	14
640	4
640	5
2068	5
2068	8
1265	4
1265	12
1774	5
385	4
385	12
829	8
2667	8
261	8
419	1
419	16
3381	11
2489	5
2489	8
1345	5
1345	8
1262	16
2520	11
3003	5
3001	16
2084	6
2084	16
3306	8
3493	5
3493	8
1198	1
1198	8
541	8
979	8
3559	1
3559	5
1392	1
3295	5
3295	8
3295	14
3364	5
3364	6
536	11
3030	6
3030	8
3030	15
1124	5
3830	1
3830	5
556	5
556	14
2291	15
1252	1
1252	5
1252	9
526	5
2988	8
327	8
327	13
369	1
1184	18
2124	1
2124	15
2977	8
3016	5
3016	14
3299	5
2067	5
2802	8
2802	16
1710	5
270	8
3659	8
2089	11
1568	5
2588	8
3022	5
3022	16
895	1
895	2
895	5
895	11
895	15
2634	8
2634	14
2442	8
2442	12
3463	3
3463	4
367	8
3234	5
3234	14
2211	5
1694	8
1694	11
2874	5
2874	8
2730	11
2730	15
2730	16
3650	1
3650	8
817	6
817	8
3116	13
3116	14
3116	16
922	8
1309	8
2251	8
2433	6
2433	8
501	11
501	15
1889	8
229	8
2503	1
3542	11
986	1
986	2
986	6
2821	5
2821	15
1547	5
2554	16
2284	8
960	11
960	13
427	5
427	14
1998	5
956	8
3090	1
3090	15
1486	8
2911	5
2911	14
3735	1
3735	8
105	2
105	4
105	8
105	14
187	5
464	5
909	5
1913	8
3731	8
3731	16
2393	8
2393	13
2393	14
3288	5
816	2
816	4
816	8
295	8
3380	1
3380	16
1708	8
2915	8
2915	18
2153	5
2153	14
1214	5
1001	6
1001	8
1001	16
2561	1
2561	2
2561	6
2561	16
45	5
45	9
3282	1
3282	8
3282	17
2929	4
2929	5
2572	2
2572	4
1063	1
1063	5
1063	17
214	8
214	14
344	1
344	16
85	8
1958	8
1958	9
2439	8
3259	8
2260	1
2260	8
1592	8
1907	1
2377	1
2377	2
2377	15
1470	8
1470	16
1477	7
2677	8
1630	8
443	5
443	8
1260	1
1260	5
1159	5
819	8
3495	5
1033	8
1593	8
969	7
675	5
3651	16
2582	8
236	5
236	13
1950	1
1950	6
1950	8
579	8
2287	5
1812	8
1812	14
3589	5
3589	14
3263	5
2939	5
2939	14
3317	5
1029	8
1844	5
1629	8
87	1
87	5
3510	8
3510	11
2001	4
2001	5
2001	12
2322	7
758	8
2745	5
2853	16
197	1
197	8
1334	8
1671	8
1671	14
3209	8
1451	1
1451	8
2904	8
2904	16
476	11
476	15
476	16
235	8
2135	8
2630	3
2630	4
2630	12
1146	1
1146	8
1146	13
2388	5
2804	15
2804	16
3344	6
3344	16
3549	8
3062	8
3341	8
1634	8
1634	17
901	16
2448	8
719	2
719	4
2611	4
2611	8
1185	8
1185	14
2521	8
3111	5
2274	8
680	5
680	14
928	16
3512	5
1363	5
1363	14
1363	16
1120	8
1120	16
1071	8
1071	13
1071	14
1546	5
3790	17
1663	5
1663	8
2928	8
1908	1
1016	1
1016	2
1016	4
1016	15
1180	10
1180	16
2518	8
2518	17
2607	1
2607	4
2607	9
2569	7
2825	1
2825	2
2825	5
571	18
418	8
545	1
545	6
545	14
1601	5
1601	15
3366	7
3026	5
2573	3
2573	4
313	8
1231	8
3555	3
3555	5
645	14
352	8
364	5
364	8
2728	8
3667	5
1555	5
1555	8
1645	8
706	5
1447	5
1435	6
1435	8
1435	16
1985	2
1985	4
1986	4
1986	5
3682	5
3682	8
3516	18
141	8
90	5
90	14
515	8
1187	1
1187	5
1080	5
1321	6
3478	2
3478	4
2408	4
2408	5
3019	16
2045	1
2045	16
1890	8
2476	8
2476	14
3188	7
992	8
3106	5
1509	8
2875	5
968	5
968	17
919	8
3331	7
423	5
423	8
1966	7
855	5
1540	11
751	8
751	13
751	14
730	5
730	18
2913	5
767	1
767	2
767	16
836	5
203	8
203	13
203	16
871	8
1199	8
1199	14
1199	17
2961	8
2961	16
2307	5
2317	5
2317	8
2317	14
1300	8
1300	14
3810	1
3810	5
646	5
1723	1
1723	14
1723	16
3125	7
2477	4
2477	5
2147	1
2147	8
2289	8
2289	16
1450	5
1450	11
3079	8
3541	8
3541	16
2247	8
2247	16
466	8
1549	1
618	5
448	8
332	5
332	8
276	7
1640	8
717	8
3260	5
2765	8
2507	8
2507	12
1879	3
1879	5
1879	16
1144	5
1144	14
1616	8
1043	4
1043	5
3300	14
3300	17
3250	8
632	5
632	14
632	17
1115	5
1115	14
1358	8
1358	11
951	8
3252	1
2167	5
3675	6
3675	8
3272	8
3272	14
3256	1
3256	2
2117	7
1351	5
2833	5
3833	1
3833	8
3833	16
3458	8
3458	9
3458	14
3458	16
1151	4
1151	5
3	1
3	15
2491	7
2309	1
2309	8
2309	16
1249	5
3419	5
2856	5
2856	14
2812	8
3442	5
3442	8
3442	14
1487	1
1487	5
1313	5
1313	8
1507	5
1507	14
3832	8
3832	14
1662	5
1662	17
308	5
308	8
695	8
695	11
2623	8
2623	14
561	8
561	16
1369	7
1369	8
798	6
798	8
1272	5
1689	5
6	2
6	4
6	14
1367	5
1367	15
1742	7
621	8
3489	5
3489	8
3692	16
3315	16
3286	8
946	8
294	2
294	4
73	8
73	14
73	17
73	18
2413	5
2413	18
3526	3
3526	4
3526	12
2323	4
2323	5
1607	8
3267	4
3267	5
1949	8
1197	8
1197	16
1599	8
1599	14
954	16
1920	1
1920	5
2282	6
2282	8
2282	14
2282	16
564	5
564	11
583	8
3834	5
2923	8
2468	5
2468	6
2468	9
3346	1
3346	5
3346	18
3743	7
1200	5
1200	14
2501	8
1815	8
2451	5
2649	5
2903	8
2071	5
2071	14
2475	16
2547	8
674	5
810	5
810	14
2544	5
1894	1
1894	16
2382	8
170	2
170	4
170	9
890	8
2077	1
2077	4
2672	5
2672	14
2839	1
2839	15
242	8
1974	5
1192	8
3354	8
1171	5
3192	6
3192	8
1301	5
1301	14
2063	1
2063	2
2063	3
2063	4
2063	9
1795	8
1107	5
1107	8
1744	11
1008	8
1008	14
3477	8
3069	8
625	8
1830	5
3808	6
3808	8
1627	11
1627	15
1627	16
1982	8
3486	5
3486	13
3486	14
3847	5
3847	8
1445	5
2901	8
2901	14
1420	11
1420	16
351	5
351	8
351	17
357	11
2918	4
2918	5
1584	1
1584	16
636	5
1713	11
1713	15
731	8
3807	8
61	8
3599	8
2635	4
2635	5
2635	9
3287	8
1432	8
2609	8
54	5
54	6
54	11
1930	1
3509	16
280	8
929	1
929	16
534	5
534	8
3377	8
3377	16
1562	8
2803	5
2803	8
3095	8
1621	5
1621	8
1443	1
2285	5
2285	14
580	1
580	14
580	16
2957	2
2957	8
1468	1
1468	2
1468	15
2122	1
2122	2
2122	15
3137	1
252	5
1921	1
1921	2
1921	16
2989	3
2989	4
2313	8
2426	5
2426	8
3023	2
3023	4
3052	1
2553	5
2553	14
3515	3
3515	4
3049	8
1163	7
1163	8
651	1
651	15
441	8
1010	16
785	8
3135	1
3135	2
3135	5
3135	14
2751	8
2699	5
1045	8
687	8
3569	8
1752	14
1	5
2341	2
2341	8
1726	11
2995	5
2995	8
2995	14
3149	8
3370	8
1537	8
2160	5
2160	8
453	8
453	11
1211	8
2900	18
1386	5
1386	8
1836	5
1836	8
3612	5
1871	13
3841	5
3709	7
2264	11
281	2
281	4
169	11
169	15
3363	2
3363	4
3325	5
3325	8
3325	14
1684	8
475	8
3217	8
3217	14
1622	5
1685	7
82	8
2614	8
3323	16
2244	8
2496	4
2496	5
2496	8
823	4
2378	8
2378	16
2225	1
408	1
3211	8
3337	3
3337	4
3485	8
3398	1
3398	2
3398	5
3398	6
2697	8
2697	14
37	1
3133	8
3133	17
389	4
389	5
3384	5
253	8
868	1
1025	5
1025	8
3218	5
3146	5
202	5
1715	8
2882	8
3407	5
3407	8
1769	5
626	1
626	8
626	17
3573	8
3573	14
1419	5
2814	8
330	5
2133	16
3474	5
907	8
2829	8
1142	11
867	11
867	15
2000	8
2000	14
251	8
251	16
2376	2
2376	4
678	11
1281	7
1594	7
269	8
269	14
1123	2
1123	15
3671	8
1073	3
1073	5
1073	16
1378	5
1378	14
1929	5
2715	1
1007	1
1007	8
1007	16
2187	8
2187	13
517	1
517	2
517	13
517	15
846	8
1864	6
1864	8
1864	16
205	8
205	16
205	17
412	8
806	14
1678	8
2884	8
1030	5
1030	8
2585	1
2585	2
2585	14
1072	6
1072	8
2396	8
3005	7
1884	8
1511	18
2627	8
59	1
59	6
59	8
2041	5
399	8
1786	1
1786	14
1786	16
603	5
3840	6
3840	10
3840	13
3840	16
1947	1
1947	16
3617	8
913	5
913	8
913	14
2737	5
2737	8
1088	5
1088	6
1088	8
3222	5
3222	11
3324	16
2798	8
1046	8
572	5
572	11
572	16
1015	5
1015	8
2925	8
458	5
458	14
804	1
1722	8
3152	2
3152	4
2172	5
233	5
841	11
2646	8
1496	8
2532	1
2532	2
2532	8
2532	14
1533	8
3712	8
247	4
247	8
3501	5
3501	14
1794	16
859	7
1296	8
1296	14
3294	2
3294	4
3294	8
943	5
943	14
2318	5
3230	8
1603	7
1725	5
2190	8
2795	7
2945	5
2945	14
3313	8
1130	1
1130	5
1130	8
2440	8
811	8
3616	2
3616	4
5	1
5	2
5	16
3102	3
3102	4
3102	5
3102	14
3795	5
3688	8
2883	8
2570	7
3033	5
3033	14
994	3
994	4
284	1
284	6
284	16
1397	8
3821	11
3821	16
1702	7
2616	5
3639	1
3639	6
3639	16
1028	8
1028	14
2257	7
2196	16
639	8
893	8
2210	8
1563	8
173	1
173	2
173	6
2233	8
3662	8
3662	14
299	1
3544	8
2684	5
2710	5
3075	11
3075	16
2232	5
2232	14
1173	2
1173	4
1173	9
2760	6
627	8
3628	1
3628	17
551	5
250	8
2302	14
3531	16
1554	8
1229	5
2473	1
2473	15
2473	16
2860	8
530	1
530	2
530	15
1061	2
1061	4
1061	9
361	5
430	13
430	16
3690	5
3690	8
2784	2
2784	4
2784	5
2784	9
2784	14
1978	8
1727	2
1727	4
1727	9
623	6
623	8
436	6
436	8
436	16
1818	1
421	3
421	15
3034	3
3034	4
3392	7
1189	5
1189	8
2337	8
2337	16
2144	8
2144	14
2843	8
2526	4
2526	8
1843	5
2028	5
2549	11
660	8
648	8
91	8
3385	8
3385	14
2457	14
1975	12
3739	5
851	5
1523	7
1878	8
2605	5
3175	5
1813	1
1813	4
2565	1
2565	16
2346	8
2346	12
2682	14
3459	1
184	5
184	8
302	8
302	14
12	1
12	2
2696	8
3496	8
3496	16
1751	8
65	5
711	8
494	1
494	15
494	16
873	8
3621	15
3621	16
3705	16
1405	6
1405	8
3401	8
3138	1
3138	16
3809	7
395	5
1891	8
345	8
345	17
2298	8
1923	8
3333	5
3333	8
616	8
3570	5
2324	1
2324	2
2324	5
2324	17
803	8
2395	1
2395	8
2395	16
2157	8
454	8
454	14
2066	7
2756	5
3310	8
288	5
288	14
1644	14
244	17
2349	8
2349	14
1994	5
1994	14
628	8
628	14
3280	7
3118	3
3118	4
3118	12
3118	14
3669	16
322	8
322	15
1881	1
1881	13
1881	16
1951	11
1467	5
1467	14
3497	1
3497	2
3497	18
2057	5
2222	5
2222	14
2100	5
1241	8
540	8
540	17
906	8
906	14
906	17
13	5
13	8
3336	8
3336	14
2824	8
429	8
1531	5
1531	14
865	8
2652	16
2214	8
3411	8
258	15
258	16
2018	6
2018	16
2241	8
2241	14
826	7
2293	8
2216	5
2216	8
1596	8
2742	8
2452	8
2090	5
2090	8
2090	14
1714	7
3002	11
3002	15
949	8
3153	5
801	8
2868	1
2868	6
2868	15
1000	5
1099	1
2578	8
3500	5
3500	8
3275	7
3105	11
305	5
305	11
1162	1
1162	5
1162	12
1162	15
904	8
3054	1
3054	8
2314	2
2314	18
2389	5
1543	6
1543	8
1543	14
23	8
3695	16
2380	17
3021	5
3021	8
815	5
2038	1
2038	8
2854	5
3824	8
3824	14
2055	1
2055	8
2055	16
2321	3
2321	4
2321	5
805	13
805	16
56	8
56	15
129	8
2327	1
3425	17
1024	13
1024	16
32	5
32	8
1138	7
1399	8
222	6
222	16
1924	5
1924	14
110	11
110	15
52	15
52	16
2763	5
2763	8
1221	8
1221	14
2198	8
2198	17
1278	7
2499	1
2499	2
457	5
457	8
1310	8
1310	14
1237	5
1237	14
2460	8
1582	5
1582	8
449	18
2116	2
2116	14
1647	8
1647	14
2035	8
3397	6
3653	4
3653	5
3025	6
1172	1
1172	15
2859	2
2859	4
737	3
737	4
737	5
3409	2
3409	4
179	6
179	16
1853	3
1853	4
1853	12
2941	8
1205	1
3181	11
3855	8
481	1
481	15
481	16
2043	5
2998	8
1032	8
3196	11
452	1
452	15
880	8
1434	8
1703	8
2984	8
2984	14
2504	3
2504	5
3203	8
3203	14
3473	8
3473	13
3801	8
3502	5
3502	8
2778	8
1471	5
1471	8
463	5
704	1
528	5
2400	1
563	5
1096	8
2437	8
2437	16
97	4
97	8
97	9
2708	5
3854	6
3854	8
3854	14
3854	16
388	8
2992	5
2992	8
2992	14
1065	8
2816	14
3775	1
3775	16
3339	8
3844	1
2902	5
24	11
24	15
864	5
864	6
3506	8
3506	14
334	8
334	16
2734	5
3768	5
3768	14
3239	1
3239	2
3239	16
2450	8
1657	8
2420	11
1437	5
2693	5
2693	8
1167	8
1167	16
770	14
1893	5
3793	8
3793	17
1696	8
1696	11
3266	8
3266	16
3303	7
2032	1
2032	16
3602	8
832	6
1074	4
1074	5
166	1
166	2
166	16
2333	13
1649	5
278	8
278	16
3099	5
183	5
2576	5
165	1
165	2
165	9
899	8
899	14
3320	4
3320	5
287	5
287	14
208	5
1322	5
3557	5
1054	5
1054	8
1054	14
3744	8
3446	8
3446	14
3446	17
1131	8
2386	1
2386	16
493	1
493	2
493	15
493	16
2401	5
2401	8
3356	5
3356	12
3356	14
745	8
2279	8
2279	12
857	1
857	16
1979	8
1979	16
2993	8
2993	16
570	5
2165	5
2165	8
1285	16
2306	6
2306	8
2306	16
1461	16
3244	8
3244	14
2487	8
3451	14
1510	7
3799	4
3799	5
459	5
66	1
66	2
1226	2
1226	4
1932	5
3283	2
3283	4
3301	8
654	8
1763	6
255	5
255	11
267	1
267	5
267	6
267	11
267	16
3585	8
2061	8
325	8
3736	8
1267	8
2877	5
2777	1
2777	2
1552	8
2864	5
178	8
3185	1
3185	16
30	8
578	5
578	8
2007	5
3772	8
3350	8
3229	7
2584	5
2871	5
3678	5
2713	8
2577	4
2577	5
1466	5
1466	16
1780	8
3627	13
3627	16
2813	1
2813	11
2813	15
275	6
275	11
2175	5
1914	7
3716	2
3716	4
2968	5
2805	5
2805	14
3227	5
150	8
828	3
828	4
828	12
609	14
2969	7
3715	14
29	8
2051	5
2908	5
2908	14
1277	14
1277	17
3697	1
3697	15
3697	17
2740	5
2740	8
2620	8
3257	1
3130	5
3773	15
3773	16
942	5
1631	5
1631	8
2370	3
2370	4
2370	12
2947	8
2947	14
1418	8
2403	8
2403	14
2435	1
3850	2
3850	4
3850	5
3450	5
3450	12
2890	8
3613	8
2113	8
2113	16
1323	14
297	6
2381	17
3032	4
3032	5
3032	9
1011	6
600	5
2738	5
3161	14
2463	5
812	5
3015	8
1055	1
1055	8
1055	18
1597	8
1116	5
1521	15
1521	16
370	14
120	7
1244	7
2242	8
2242	13
309	1
309	16
818	7
818	8
1320	8
2027	13
584	5
584	8
3115	5
2944	14
2837	8
3223	5
1006	6
1006	8
1006	13
1238	6
3293	8
2273	8
2817	7
756	1
756	5
756	15
756	17
866	8
2017	8
2017	16
2970	4
2970	5
877	1
877	2
877	16
3036	7
2855	5
2855	14
1940	8
1940	17
3503	7
650	5
164	5
164	14
279	1
279	2
279	13
3147	8
2092	8
952	5
2148	8
1304	5
2991	5
2991	14
3733	6
3733	10
3733	16
2073	5
3796	2
3796	4
3796	5
3796	12
1574	5
3778	5
3169	5
3169	15
1905	5
1905	8
1905	16
2733	14
2533	1
2533	6
3470	6
3470	8
1517	5
1517	9
1517	14
1517	15
3813	8
2238	8
2238	14
1764	6
46	14
3171	5
1690	1
1690	8
3117	7
1506	5
1989	8
2527	7
265	2
2151	5
542	8
542	14
3623	5
3623	8
3482	8
1379	8
3567	8
1778	8
3176	8
3176	16
2852	8
2054	8
3386	1
3386	2
1317	8
2203	8
1103	8
1103	16
2296	15
2296	16
2619	16
2239	8
22	8
2596	1
2596	2
2596	16
3545	8
3545	14
1516	8
1036	5
1036	8
2844	5
473	5
2678	11
2678	16
1499	5
2277	8
34	8
3204	1
3204	6
622	5
1973	5
1520	5
1520	14
440	8
440	14
8	5
8	8
1542	6
1542	8
2290	8
2290	16
2486	7
2757	7
3520	1
3520	15
3520	16
599	8
315	8
1755	2
1755	3
1755	4
1755	5
1755	9
3606	8
3375	5
3595	8
2189	1
2189	2
2189	15
221	8
2152	5
2152	6
2721	5
348	8
1127	1
2645	5
3732	8
1460	8
3431	1
3431	5
1868	5
1360	8
143	5
143	8
3720	5
3720	8
1633	11
3276	5
3552	5
1643	11
1643	16
3704	6
3704	8
3704	10
1548	7
390	8
2128	5
2128	14
961	8
961	14
2743	8
2099	8
104	8
104	16
2223	5
3471	5
3471	14
2560	5
2560	8
2560	14
910	5
910	8
2005	1
2005	2
2005	14
2005	16
562	8
1092	5
1092	14
57	5
57	14
1902	5
1902	14
2889	8
2889	14
147	16
1283	7
1855	8
1992	8
431	8
431	14
2953	5
2953	8
565	5
698	6
698	8
698	14
3689	5
3676	14
2749	3
2924	8
1799	5
2046	7
2700	5
749	2
749	8
2105	8
243	6
243	8
3588	8
3182	5
2698	8
2698	14
3791	8
1915	1
1915	4
2207	5
2972	13
2972	16
3349	5
3349	14
74	8
1733	8
1733	14
2338	4
2338	5
673	1
673	16
3065	5
2752	1
2752	11
2752	15
381	8
321	5
321	11
2121	8
36	1
36	2
36	16
1227	3
1227	4
1227	12
2785	8
2785	14
2304	8
3828	8
3828	16
971	11
2718	16
2404	5
3028	1
3028	2
3374	7
2550	5
644	5
3561	8
2150	1
2150	2
2150	6
2670	5
53	5
53	14
3327	8
3327	17
2194	1
2194	5
2194	6
2194	8
3761	1
3761	5
707	5
707	6
707	13
707	16
1406	8
1406	16
3258	1
3258	2
3258	15
2863	8
2863	14
1078	16
1614	1
1614	5
1614	12
2552	8
3457	5
3457	14
2462	2
2462	4
2462	5
2462	9
2750	8
1086	5
3848	1
3848	16
2849	5
3298	8
2348	5
2348	16
1335	2
1335	4
1335	8
1328	1
1328	5
1328	8
2548	5
963	5
963	8
3007	8
2180	8
14	8
2936	5
3166	3
3166	4
3166	12
3646	8
3448	5
1251	8
1251	14
1688	5
1688	14
2606	8
3237	8
3237	14
3816	6
3816	16
3433	6
3703	5
1152	1
1152	2
1152	16
1968	8
1968	15
1736	1
1736	13
1736	14
1736	16
1118	8
1118	15
3511	6
3511	8
3511	13
978	8
761	5
4	6
1305	5
1797	5
1797	8
2656	8
1942	1
1942	16
1287	10
1287	15
1287	16
3190	5
3190	8
2461	1
2461	11
2461	15
938	8
981	6
981	8
981	16
975	6
975	11
975	13
975	16
1089	1
1089	8
1089	16
1089	17
331	8
2256	5
3318	8
2062	6
2062	8
100	1
3142	8
2648	8
2648	14
3820	5
3696	8
766	2
766	16
1558	8
2255	2
2255	5
3290	5
3077	8
3077	16
3660	8
854	8
1851	1
1851	13
1851	15
1851	16
159	2
159	14
2600	1
2600	15
2600	16
3513	4
3513	8
3513	9
3440	14
3100	1
3100	13
3100	16
2563	7
733	5
1976	5
1976	14
2409	5
1027	1
1027	15
612	1
612	8
612	16
3693	8
588	4
588	5
588	9
537	5
732	5
732	14
2979	5
113	2
113	4
113	8
3278	5
3601	7
2598	1
2598	8
2598	17
2423	13
2423	16
849	8
849	15
849	16
607	4
607	5
2673	8
2673	16
2806	5
319	16
2344	5
1604	8
532	5
532	6
532	16
301	8
301	14
1802	6
2709	5
2709	6
3179	8
3179	14
2689	5
2689	6
2689	8
2510	6
2510	16
1038	1
1038	8
2978	8
2978	14
2020	2
2020	3
2020	4
2020	5
2020	12
2163	4
2163	5
3200	5
3200	14
693	5
693	16
921	6
921	8
921	10
3635	5
3635	8
3635	14
460	8
2444	5
2444	8
2444	16
1069	5
667	14
484	8
1259	8
3089	11
3089	13
3089	16
762	3
1927	8
1232	8
2754	5
2112	8
1939	6
1939	16
2666	16
2271	8
2271	14
3347	1
3347	16
3393	6
3393	8
3191	4
3191	5
3654	8
1427	5
3307	5
3307	8
3399	5
20	6
20	8
20	16
3645	1
3645	2
948	8
1210	6
1210	10
1210	13
1210	16
3527	8
3527	17
387	8
3658	8
2371	8
2371	14
1208	5
780	8
839	6
839	8
3340	6
1885	5
1605	5
1606	14
1606	16
962	5
260	8
1500	5
1500	14
437	8
1225	8
1225	14
1739	5
1739	8
1739	14
3831	1
3831	2
3831	15
3831	16
990	14
2999	5
2999	8
2021	8
3551	8
3551	14
2716	14
2716	17
1215	5
1215	8
3630	1
3630	8
2597	6
2597	8
1527	7
2638	5
2638	14
3214	5
3214	17
1909	14
1137	5
715	1
715	2
715	5
715	15
130	1
130	8
1804	1
1804	8
485	1
1767	5
1767	8
2930	5
2930	6
2930	8
2930	13
1023	8
1105	15
1105	16
795	8
2861	5
3817	1
3817	5
3251	1
3251	2
3251	3
594	1
594	5
594	6
594	8
3208	1
3208	2
3369	8
3729	4
3729	5
1122	5
1122	14
3088	5
2319	14
1453	13
1453	16
3302	8
3302	14
2226	5
2226	14
488	5
488	8
488	14
1720	5
1720	8
2744	8
293	5
293	8
293	14
144	8
2022	6
2022	8
1719	11
60	11
60	16
3620	8
3846	6
614	8
1863	8
1366	16
1595	5
1595	8
2162	8
3615	8
3615	14
186	8
2783	5
2098	8
2098	17
49	1
49	16
49	17
1408	5
605	11
1580	6
1580	8
2234	5
2234	14
2406	1
2406	8
1343	6
1343	16
1528	16
1064	5
2509	8
1508	8
2679	8
2123	8
1154	2
3818	5
3818	8
1239	5
1239	8
1901	8
2955	5
2937	5
1600	6
696	6
696	16
1245	11
3514	1
3514	16
2897	7
3247	5
1058	5
1737	5
1737	14
1735	8
1311	1
1311	14
1311	16
1984	7
1895	8
2701	11
2701	16
2193	2
2193	4
3087	8
3087	12
3480	5
3622	8
3622	17
112	16
2599	8
2525	8
2525	14
2990	4
2990	8
16	1
2559	14
2523	4
2523	9
3296	8
3296	14
1822	5
1822	14
1141	1
1141	8
1141	16
911	1
911	2
911	15
911	16
911	17
980	8
397	8
1570	8
1570	16
813	1
813	2
813	15
813	16
2405	1
2405	14
2405	16
2447	2
2447	15
2447	16
3391	5
3391	12
860	8
860	17
298	5
108	1
108	16
1877	8
2787	1
2787	2
2787	15
2787	17
2658	1
227	5
2898	5
2898	14
1223	4
1223	5
414	8
985	16
1673	5
1132	6
1132	8
1457	8
2149	14
371	8
2441	8
2567	8
1608	14
1145	8
386	4
386	5
386	13
3129	5
3129	14
3424	5
3424	8
2363	8
3447	6
3447	16
1937	8
1937	14
738	1
738	14
738	16
3067	14
2836	3
2836	4
2836	5
125	8
1220	7
2368	5
2368	14
1387	8
3107	1
3107	6
3107	14
2766	1
2766	2
2766	4
1691	16
1731	5
1731	8
1349	5
1349	6
2220	1
2220	6
2220	13
3814	11
3814	16
55	8
121	16
128	5
3797	8
1747	8
1590	11
1590	15
2703	8
2703	16
1781	2
1781	4
1781	9
1781	15
1158	1
1158	2
1158	4
1158	9
444	8
2537	5
2537	13
2188	5
2828	8
2828	17
114	5
3145	4
3145	5
3145	8
3262	2
3262	4
1965	8
1866	8
1866	14
1866	16
840	8
2261	11
3402	7
2610	5
2610	14
462	5
3681	7
3048	4
1765	15
2650	8
2650	14
1675	8
1106	8
3528	3
3528	4
195	1
195	2
195	15
195	16
1341	8
3254	14
3254	16
1293	4
1293	5
1155	5
1155	14
44	2
44	4
883	5
3123	8
2325	1
2325	5
2137	1
2137	16
1119	1
1119	2
1119	11
3455	8
3455	14
3335	1
3335	2
3335	11
3335	16
2878	5
2819	8
2773	3
2773	4
2773	5
3762	3
3762	4
3762	5
21	8
21	14
3121	14
1256	8
1104	8
1179	8
1953	4
1953	5
2595	8
3568	1
3568	8
3568	15
3568	16
797	5
1479	5
2006	1
2006	11
2006	16
1462	7
1462	8
575	1
575	16
3562	7
1512	16
2762	8
1935	5
1935	8
2704	1
2704	2
2704	16
2905	5
2905	10
2905	16
3476	8
3476	16
2980	8
1402	1
1402	15
617	8
1143	8
1143	14
1539	8
1539	16
3159	5
168	5
2351	11
2351	16
2294	1
2294	16
3839	16
1084	8
1084	18
3505	5
3529	8
3529	14
1135	6
3698	8
1491	5
3788	16
2726	8
1785	5
1785	14
470	5
470	14
3563	1
3410	5
124	8
1222	8
2603	5
2603	6
2603	16
655	1
655	15
655	16
764	5
764	6
1766	5
3533	1
3533	8
3533	14
722	1
722	2
722	14
136	5
136	14
340	1
340	8
340	16
1439	2
1439	4
1439	8
2315	1
2315	16
1946	1
1946	6
669	3
669	4
2838	5
2838	15
3718	5
1917	8
999	1
999	16
3416	6
3416	8
234	5
1748	5
1748	14
2182	5
2104	8
2104	17
346	8
3661	5
3661	8
671	1
671	6
671	14
647	10
647	13
647	16
1117	4
1117	8
3584	1
3584	16
200	13
200	16
118	8
50	5
1648	8
1648	14
1860	8
384	3
384	12
2096	5
1156	2
1156	3
1156	4
1156	9
1919	8
1919	13
2555	1
2555	16
1809	5
1299	1
1299	8
1299	17
2482	5
2680	5
2495	2
2495	5
2495	14
1431	5
3592	1
3592	6
3592	13
3592	16
2688	8
3835	8
3113	5
3113	14
3029	5
2248	11
2248	15
3648	1
3648	15
2108	3
2108	4
2641	1
2641	2
72	5
1618	5
1618	8
1618	14
1454	5
1454	8
1454	14
539	1
539	8
539	17
1240	8
1240	14
945	8
248	8
3711	1
3711	16
988	11
1139	5
1139	14
67	8
726	5
3484	5
3484	8
2141	5
2141	14
1740	8
1740	14
2316	6
2316	8
2316	13
2316	16
375	1
375	15
375	18
3378	14
3378	16
657	8
1730	1
1730	5
3728	13
3728	15
3728	16
1275	1
1275	15
1911	5
1911	16
2230	1
2230	15
2230	16
3132	3
3132	4
3132	12
3657	2
3657	3
3657	15
392	1
392	2
392	9
392	15
3843	1
3843	5
3843	6
3843	8
1108	8
1108	14
1269	5
1269	8
1808	5
1808	8
1750	5
513	1
513	8
2019	1
2019	6
2019	16
290	3
290	4
290	9
290	17
1469	8
1469	14
3684	5
3780	5
3780	8
3780	14
769	1
2755	8
3677	8
2788	15
2788	16
2927	5
2927	14
1700	5
1700	8
3157	5
3164	4
3164	5
2942	16
2199	8
2199	14
2394	5
2394	8
2940	5
2940	6
1550	5
1550	7
1039	5
1039	14
718	8
3706	8
3706	14
2186	8
2186	14
1832	8
3248	5
1396	8
3607	8
3351	5
1639	5
1639	14
51	2
51	4
51	5
1674	8
1674	14
1674	15
3122	5
3122	8
624	8
1126	8
212	8
212	13
212	14
2542	5
789	2
789	8
1717	13
1854	8
2414	1
2414	5
2414	6
2173	5
2173	8
1449	5
3379	5
3379	14
794	8
1263	5
3642	5
3642	8
838	5
2592	5
3066	5
544	15
238	8
2702	8
3198	8
2831	5
2831	8
2831	14
914	8
1505	8
1505	14
1381	8
1381	16
189	8
1569	6
1569	8
712	5
277	5
277	16
3304	1
3304	2
3304	15
697	5
697	14
2920	8
506	3
506	4
245	5
86	5
86	8
2644	8
2644	11
772	5
993	7
884	5
884	14
844	14
1009	11
1009	13
1009	16
1307	8
1307	14
2354	16
3006	5
3006	14
81	8
81	14
1669	3
1669	4
633	1
633	6
633	14
3745	5
1426	5
554	5
1706	1
1706	15
3408	3
3408	4
3408	5
3269	5
1047	5
2356	1
2356	2
2356	5
2101	11
2101	15
2101	16
415	8
1770	8
2455	1
2455	11
3141	5
3141	16
947	5
947	8
3464	1
3464	15
3464	16
2252	8
3770	1
3770	8
2088	5
2088	8
140	5
3205	8
3205	14
685	6
685	8
2024	5
2024	8
2078	11
2078	15
2786	1
2786	16
1209	1
1209	8
1504	3
1504	4
1504	5
410	11
410	13
410	16
1918	8
1918	13
1918	16
1993	8
1993	14
1993	17
1394	16
1615	5
1551	11
1551	16
3605	5
3605	8
1882	1
1882	15
1175	2
1175	15
3626	8
2016	5
2016	8
3197	16
2425	5
2425	14
3058	14
3316	6
3316	16
3823	8
1302	5
1302	14
153	8
3702	15
3702	16
1653	5
1653	8
1653	14
670	8
3714	5
3714	11
1642	7
1642	12
422	5
422	8
422	14
543	6
223	11
1485	15
1485	16
933	3
933	4
3815	8
1756	6
1756	13
631	5
1082	8
1638	8
3756	6
2655	8
2655	14
377	8
2865	11
2865	16
2094	14
1573	7
3764	8
3537	8
3071	6
3071	16
3734	5
3734	8
2009	8
2009	15
2009	16
318	8
1586	1
1586	8
705	8
1344	5
1344	9
1934	5
3010	8
3010	16
1912	8
190	8
2106	4
2106	5
3449	8
2593	5
2593	14
316	5
316	14
316	15
713	5
713	8
1273	1
1273	2
1273	4
1273	5
2478	5
1887	8
1534	1
1534	16
2301	8
3708	7
1559	1
1559	6
1559	8
1559	16
1686	5
1686	8
246	8
892	5
274	16
343	1
343	16
7	5
7	8
7	14
2336	1
2336	2
142	5
649	8
2161	5
2161	8
1455	8
1455	16
3776	5
3776	8
215	5
215	11
215	16
1428	1
1428	5
1090	11
1090	16
3050	5
3050	8
1579	5
2895	14
3273	8
3273	14
1022	8
1022	16
1995	8
597	5
1987	8
1987	16
601	8
3608	5
3608	14
677	8
2653	7
2431	11
3475	1
3475	2
3475	9
558	7
1068	8
1417	7
2446	8
372	16
778	8
1207	5
2986	16
3114	8
3114	14
814	5
814	14
3632	11
3632	16
2227	8
2227	16
796	1
796	16
2093	8
1899	5
1867	5
491	5
787	5
787	14
3536	8
3421	5
3421	14
3819	1
3819	15
3819	16
2615	5
2615	8
88	8
1337	8
1838	8
2663	8
3466	7
1783	7
983	1
983	16
3038	7
3241	8
19	8
19	17
679	8
268	8
268	13
847	8
847	14
1164	5
1164	14
413	5
413	14
2691	8
2330	8
3683	5
3746	7
3051	8
1578	5
1578	8
586	5
1044	8
3362	1
3362	16
3700	8
2119	8
1474	5
1474	14
3372	5
3092	6
3092	11
3092	16
1821	5
1298	8
3219	5
360	16
2470	5
2470	14
2347	8
1282	5
218	5
218	8
916	5
916	8
808	3
808	13
3008	8
2235	8
2235	14
18	8
788	8
1806	8
1051	8
953	8
259	5
28	5
28	8
2612	6
2612	8
3345	16
3080	4
3080	5
1165	4
1165	5
366	3
366	5
2841	5
2841	8
2739	5
1340	8
710	6
710	8
1646	4
1646	5
2332	5
420	1
2134	8
3789	4
3789	5
1676	5
1085	8
1085	14
714	1
714	16
2418	3
2418	4
1488	5
1488	8
1970	8
2896	16
3224	14
3224	16
834	6
834	8
2320	8
2320	16
2909	5
2909	14
1318	5
1318	8
1347	8
2479	16
2958	8
3666	8
1087	8
1567	5
304	1
304	6
3160	11
3160	14
1411	8
776	14
1635	5
3668	8
3073	8
3738	5
3738	8
2781	8
1370	5
1370	8
490	8
782	5
782	14
3803	1
3803	16
3297	5
2369	16
3154	2
3154	8
1166	16
474	1
474	5
2328	8
2328	11
2221	11
2221	15
2221	16
2873	8
1886	5
1886	8
338	5
338	14
199	16
592	6
1268	7
2810	5
2810	14
3014	4
3014	5
1319	8
3687	5
3687	14
2794	8
2265	8
2579	5
2039	16
2082	6
2082	8
3519	5
1990	1
1990	6
1990	8
292	8
2935	8
653	5
1148	1
1148	14
2867	8
1403	5
765	5
1422	5
1422	14
1972	5
1944	8
1944	14
1824	8
43	8
2506	8
2640	16
71	13
912	5
3508	8
1371	8
1368	5
1368	8
394	8
1845	8
3178	7
439	8
3365	8
3365	12
3523	8
3523	14
596	8
3619	7
158	5
158	14
870	8
192	8
1093	8
3754	8
629	5
629	8
1110	8
461	8
516	5
516	8
1668	8
1705	5
525	8
848	11
848	16
1637	5
1637	14
2070	5
2070	16
2583	5
2983	8
1581	8
3691	8
358	8
703	1
703	8
2329	8
2288	8
3582	8
3468	5
1561	5
2095	8
2259	5
2259	8
792	8
3055	5
507	8
507	14
2622	7
2372	8
256	5
256	11
2036	7
1324	8
2168	7
853	1
853	15
3240	8
2269	8
3406	8
638	8
638	16
3308	2
3308	5
3308	15
1776	1
1776	2
1776	16
3126	5
3284	8
3361	8
1494	1
3465	7
1941	5
1490	8
1490	15
3103	8
1374	5
1374	8
99	8
3751	5
1128	5
1128	15
2202	7
1564	5
3701	8
755	8
755	14
2894	8
879	7
3713	7
2964	7
552	5
1850	5
1850	8
1169	8
830	5
830	14
2809	8
872	5
872	8
872	15
303	7
157	5
1852	5
967	15
741	7
2938	1
2938	16
1658	1
2719	5
119	5
119	8
3452	5
3452	8
3321	8
1091	1
1091	15
2581	11
2364	11
3098	5
2297	8
2297	16
1828	8
3110	7
1276	1
1276	15
2034	5
2034	14
1410	1
1410	6
2633	1
2633	8
2633	17
602	11
62	8
3727	3
3727	4
1956	8
1956	17
1401	8
2618	1
2618	2
2618	15
171	8
984	8
1413	5
3629	7
1060	11
1060	15
1060	16
2946	8
1336	5
1336	8
3858	8
89	5
89	6
2524	3
2524	4
1465	8
3680	5
2174	8
2305	5
522	5
3811	7
2003	8
132	7
1746	16
3000	11
3389	8
3389	14
1325	5
1325	6
3445	5
3131	8
77	8
77	16
1037	8
1037	14
3128	5
1610	5
2201	5
2201	8
748	5
748	8
228	7
2432	5
2432	8
3435	7
1955	5
2430	5
2736	5
684	8
684	14
1660	8
3558	11
3558	16
1289	5
1289	8
1026	8
2026	8
1019	7
729	5
729	8
47	5
652	5
652	14
291	8
3417	6
3417	16
1961	1
1734	5
1734	14
2087	6
2087	16
3207	8
3207	14
2345	5
619	5
1707	4
3434	8
3434	14
442	5
442	11
442	16
1383	5
1383	14
3249	7
1709	5
2042	7
862	8
862	16
1235	1
1235	8
1235	16
286	8
3352	8
3352	14
3195	15
3195	16
2200	8
3652	8
3180	3
3180	4
374	5
374	8
2490	5
2490	8
1518	8
2587	8
478	8
1704	7
3156	1
3156	5
17	5
604	8
3583	5
2236	5
2746	5
511	6
511	8
1274	16
2545	8
2800	5
2800	14
2922	5
1865	7
339	5
339	14
2335	5
518	5
2169	3
2169	4
2727	8
1040	7
1489	8
107	7
2602	5
2602	14
3672	5
3699	5
1732	7
2143	7
3221	5
3221	7
146	5
206	7
779	2
779	3
779	4
2204	8
