3555	-83.15128310920446	-4.9003411874244085	86.41822988229387	-33.072151663477854	-98.17700370342372	11.150343356294192	-37.91518006066528	-40.17237115211673	-24.391702071981857	-52.85882303646561
92	-130.87402758581288	-53.44681836483147	39.4275173299465	-81.98148143053179	-146.4757776101799	-35.981726871234926	-87.23933874108288	-89.24454085534119	-72.54122726263947	-100.35643942663614
3553	-115.51726439503601	-69.48071432512324	-15.16497957082551	-86.8830709742176	-124.6856274025619	-60.4596094128158	-89.71977139534998	-90.44123926959233	-81.32313841243928	-98.00626411031385
3255	-81.94496568772882	-5.208211682522673	84.34389018836114	-32.85720250831668	-96.68680187020429	10.544500076199744	-37.59384809764121	-39.771542795412145	-24.331692663591866	-52.235704816018014
344	-70.00955768324597	6.081614002333662	94.29729735909109	-21.225490565025236	-84.47777172184064	21.294842174575194	-25.811021408244184	-28.002486072524455	-12.92541616472777	-40.729624102106825
341	-83.408902578132	-7.749101949577651	80.61546801778351	-35.07574284669129	-97.95976240842107	7.804226381792119	-39.77040636292045	-41.86651420813683	-26.603086393145794	-54.123465517080646
343	-88.28870926777371	-11.398892519489763	78.62983036062069	-39.22759046228511	-103.13529539062453	4.515684486700195	-44.01492476509704	-46.14377356779463	-30.53165020693488	-58.50865183753888
2916	111.0483629587496	189.37758070482474	270.77014651409684	163.81396625235826	98.88934480251956	199.1520198187778	160.77506223095224	157.6455232479888	169.08068115517128	139.16259078731912
718	-113.90970664518318	-36.34831677864633	55.80607212833412	-64.73124345114833	-129.2763526609306	-19.436390588838066	-69.82373322866219	-71.90046830532661	-55.54709956639944	-83.55193244057917
2919	-127.81163619173857	-50.60421336804073	41.86019127687575	-79.04241135393019	-143.3313675725199	-33.28463839969306	-84.24465638897084	-86.24314444946792	-69.66201761538925	-97.40349447246386
715	206.93106274524098	287.3750319962954	366.20814053446867	262.42124854699784	195.83325973121958	294.43970315819496	260.16510602195035	256.47175353020776	266.1595075373684	234.79968764306577
712	-25.56451963868367	52.24441793621573	140.13302270706717	24.989001945478307	-39.66257702438348	66.3601346971219	20.706930278531196	18.20867864274562	32.62726415360084	3.8927106355290464
2857	-104.82712208468155	-27.361964481660305	64.21725082706374	-55.52421111474475	-120.04834944364893	-10.695804482300517	-60.550347854411584	-62.678390218474334	-46.55658774685884	-74.5516027396878
2856	-124.71722837801957	-67.1685164662054	0.5427469415834789	-88.67089689761401	-136.14451408068214	-55.25739452381318	-92.3652642234572	-93.48038777460157	-82.21835070943271	-102.57624286276419
2295	-115.33665779537115	-39.45925245436654	50.858317954125575	-67.30561756512567	-130.42907710964832	-22.811113566943277	-72.30705919361553	-74.27226172025499	-58.230305582107434	-85.61173791234053
1493	34.77130484307315	112.14278709346702	196.47260178637833	85.91031755536319	21.605815218712912	124.31783484097524	82.18739866036734	79.40374695574073	92.41765831683917	63.45862526978549
3335	-63.673805924264094	12.847230941362822	101.18622346920387	-14.528947719723107	-78.09055662908486	27.89222653554327	-19.063839236918206	-21.2908353214173	-6.305162116675909	-34.323962133215865
1701	-111.06301467308285	-35.496296202614566	54.2684655541626	-63.14971732803239	-126.03838024188926	-19.012806382608186	-68.11016155812435	-70.09845791837787	-54.19897095772801	-81.482704014464
1061	-117.20293868266427	-41.054243779683304	49.6095801011764	-69.03693769639202	-132.35264489769804	-24.334932556829916	-74.05837524698359	-76.02177261035048	-59.909432762706416	-87.36821226634564
2315	-8.148273619487728	70.48000685411897	158.39167036544714	43.16363781879334	-22.123991461006735	84.14299726438142	39.01362905428228	36.41279768746074	50.59950965427112	21.37978625199832
2310	227.47464110140973	308.85187484700515	387.70788340006345	283.8736966871686	216.514656724504	315.4484900720425	281.7577108698849	277.9235823313982	287.3421533369662	255.4742291574703
1391	-84.67696511704158	-8.10373264769123	81.36398264682245	-35.75023678279855	-99.4106806279331	7.668109004903975	-40.498227531491224	-42.654807167104224	-27.184849949776616	-55.02923583565374
296	-109.64882455653517	-33.12849719079093	57.58514949942415	-61.08365100055439	-124.74922963947905	-16.544957985788695	-66.07710485565721	-68.11168257279895	-52.088528604753655	-79.72312203521206
593	21.211898312497738	97.87038840518022	182.02198359429124	71.6776263310398	8.013455318607148	110.30614193039649	67.8837047678783	65.22932466758019	78.35963196704657	49.768484221154374
595	-122.52024475317752	-45.9345451138195	45.537776250873726	-74.11166571423588	-137.83444287054832	-28.944402330206053	-79.221940497077	-81.19798763393968	-64.86489699352065	-92.47516397753746
3775	-128.40725579893734	-52.6955542620015	38.06636412180386	-80.68737725713117	-143.64742306130017	-35.706506355981325	-85.79079659260987	-87.67135879278065	-71.38465714124185	-98.64175764738764
195	-45.90144775267308	30.465300459974774	117.69346968977881	3.3602414938775222	-60.02425286888059	44.90710045598431	-0.9881182500422028	-3.2771521638086365	11.275879306457387	-16.804896108948142
1121	-74.3194694934772	3.2610568082589655	93.4330562881519	-24.532511505273103	-89.11408972049524	18.985542201278015	-29.275208228710863	-31.547797937489705	-16.08308860577792	-44.34056960916608
3779	-117.54568230690398	-41.43223325113673	49.21832684833351	-69.38925452347303	-132.694564942525	-24.682487617420332	-74.42020262883311	-76.38613021240134	-60.27772762024601	-87.70476066372146
193	-43.80290233074544	33.23379929291722	121.18445813239438	6.034472890613441	-58.05433196975661	47.84536395380262	1.6123988755756862	-0.7879748811964438	13.901346369989612	-14.38247158409606
3679	-43.141359346923544	32.84557004736854	119.5674421244664	5.989305301369944	-57.17751025164231	47.21636935612413	1.6373660946658573	-0.6824066451398068	13.766553734502905	-14.161038141684095
279	27.337006795313435	104.47343951663433	188.84373438615896	78.14007947560742	14.152544403545663	116.73167600253984	74.40691899835286	71.73697155560058	84.81323554705142	55.92622060468785
3670	-2.1856281116747245	75.53320555201967	162.13405055012365	48.6642916160112	-15.935030208357311	88.93407325929873	44.60081460042935	41.98426771614101	55.8686222669382	27.03866186267967
2546	-115.38880628206526	-38.69096079109986	52.5106323888527	-66.78119238051713	-130.60582328805995	-21.880066726569662	-71.8472241138983	-73.85022667652471	-57.6684305355893	-85.32677052291956
3380	110.23417408713381	188.53038266370623	269.9748033575121	162.96950794226262	98.05773542081398	198.35715876352964	159.94010048643432	156.8003377594981	168.26495827278168	138.3687116223903
2983	-89.07950468649663	-10.58054206252896	81.3697249051279	-38.94285243449039	-104.24520171319155	5.703313791083097	-43.840133680994356	-46.094868376495384	-30.12305935560679	-58.64276817549975
2548	-123.84223077673931	-47.65527940196027	43.44112055263687	-75.71900384473528	-139.10814756766084	-30.676632439325633	-80.81624940345353	-82.77703732597695	-66.46711231854297	-93.91314692236814
2986	-125.69908405711911	-47.74105086712343	45.411551851017116	-76.44746809846676	-141.29443290725501	-30.435092173256148	-81.64108588695889	-83.67688330891858	-67.00620664937601	-95.10304578524578
3020	-62.90361453100566	13.786977448359847	102.26701876371301	-13.58366809212472	-77.3389550375367	28.90005163231306	-18.147585320010226	-20.41862816460822	-5.408489094249566	-33.41847654052716
2268	-113.63905139712733	-37.58123996616613	52.76691828527305	-65.48525737315842	-128.72303289929536	-21.00644122176012	-70.47713549109427	-72.44991059729901	-56.43864235275969	-83.87857173037608
2385	-110.82129307269713	-34.56026881943133	55.891630860700445	-62.49906206961611	-125.8853355303984	-18.034514138577887	-67.45493661289339	-69.44165363645732	-53.45981569960887	-81.02028052637775
1400	-10.263234146478213	66.50475751154106	152.40912476902386	39.83228506762528	-23.954195095285932	79.95092794818581	35.741112589537494	33.227174073961976	47.08027174060718	18.66153665959089
528	-120.79023911158073	-44.91811748438459	45.65842092725124	-72.84121571347978	-135.9583952766941	-28.09679232146949	-77.88369342955757	-79.83531903263182	-63.66763102198175	-91.0013029372276
529	-57.61835731421713	18.420829144205655	105.89809296162365	-8.677885947567598	-71.8605583262086	33.225341850828336	-13.144034671968692	-15.396480669550035	-0.6370373079184942	-28.452878167142266
1234	-88.50293385176927	-12.598634976159332	76.3421565289995	-40.10498623912968	-103.17994071711219	3.1615134878144686	-44.84092293837755	-46.931579406992654	-31.493323306963077	-59.09710287682733
3745	-75.05122006184772	2.5833611122978706	92.80807608691246	-25.314129143033806	-89.85256764209785	18.23510945022401	-30.025216859915933	-32.28532552921222	-16.795019486109183	-45.142485663469266
3584	-103.28953146984912	-26.064603545831954	65.09723379383452	-54.2286285077229	-118.4148110300981	-9.62355918854632	-59.17407926947598	-61.248400995946525	-45.24164209590063	-73.2369395856651
2762	-73.21496991029436	4.524578951789407	94.76125713527006	-23.36890421607542	-88.00543010367682	20.128889637545097	-28.086665535283426	-30.356831443090844	-14.884239711099317	-43.27293328486574
2761	-113.64289804401005	-37.57984359583833	52.786505892658745	-65.4660327567917	-128.70870350567625	-20.982201371035195	-70.45064180679587	-72.43689269824088	-56.4244507499218	-83.87510559626104
2764	-38.48428526734236	37.37342165529402	123.63996315288873	10.593959598087102	-52.40383577308697	51.5176587404838	6.305538443383549	3.9871081583174197	18.27700090418751	-9.607911733057932
697	-92.73421513951418	-15.952647350096436	74.22492925514051	-43.80871868947793	-107.6627085781316	0.11450378008327554	-48.63780295290422	-50.773199112782045	-35.05004092558606	-62.92503318761735
2047	-116.71638514931097	-39.59212025820857	52.19196491693743	-67.82640784762894	-132.03280116366852	-22.634285431142814	-72.93471683231016	-74.9753775283204	-58.667189680435484	-86.4508855901547
1849	-44.97758605046227	31.90960541899091	119.75405567947199	4.73031984896776	-59.20986749351431	46.51611554017185	0.299161610172275	-2.0494702462227896	12.613888539910333	-15.623816302492752
1458	-128.88708985917333	-51.63465315359909	40.94861475098867	-80.08770280750723	-144.4194405421707	-34.251944942455005	-85.30362829673759	-87.30623717942156	-70.68532554565066	-98.45202338712922
1847	-112.31823441289677	-36.101009337620845	54.466502921085336	-63.98300706308649	-127.43766993465951	-19.430737850203453	-68.99520603109993	-71.02202220262859	-54.9702628358033	-82.46788164282682
1931	-125.36379408094653	-48.9262334956211	42.56309950428456	-77.05819470541313	-140.70698868526605	-31.810158627367514	-82.20228399677137	-84.17637380701458	-67.79605528854275	-95.28185850599088
2049	-94.84778886529547	-17.92511529354413	72.52205673296228	-45.800917653902104	-109.81059508213374	-1.7110674813758013	-50.680014803563914	-52.808337036005575	-37.03069944236875	-64.92167211190768
641	-120.97272444773968	-44.6434168804573	46.48651522959464	-72.70903830241608	-136.2363599364806	-27.719458740240363	-77.79625509377061	-79.7835904040476	-63.49915198390279	-91.00714270994585
3093	54.377395522796796	134.24111159528113	220.39654197241865	107.46906275165088	41.074504445070545	146.25780047019782	103.80085060478864	100.79230801978474	113.83814181871568	83.83183069349116
1535	61.623886606691585	140.17069109476037	224.3378425255964	113.86403357665499	48.71351737260806	151.5940545712468	110.36704746435115	107.42744415496398	119.99607606426088	90.3872152692473
1534	-78.54050736718067	-0.01263598130654078	91.37619984047514	-28.26498699071064	-93.52765917195907	15.879628740049778	-33.053301999685566	-35.32404545074432	-19.598535872121058	-48.26299726573287
1247	-101.76240779702145	-25.182166686965694	65.27944881812697	-53.01977143927488	-116.79619626529735	-8.766973297603977	-57.95476932942768	-60.06952333142137	-44.15970742923024	-71.86542898023357
434	-119.99087978155421	-44.08125143977055	46.537312266478104	-71.98850827322235	-135.16101234624594	-27.266536707688722	-77.03889937973574	-79.00786147268981	-62.845164609391425	-90.21068618563272
1539	-24.62354466141831	53.48278553339981	141.6627313857433	26.129303280689605	-38.7670762843097	67.61245328448194	21.854409082466347	19.32593206714262	33.79480120295162	4.920985590695597
2614	-20.613113430292824	56.508370291570564	143.41599666744375	29.552184391528087	-34.54434158050882	70.3636725819075	25.3605413538441	22.867579890575335	37.059467741813066	8.546947784032358
3808	141.8441402331153	221.42759985752645	302.78145664182455	195.9077818407648	129.8792876005424	230.5326874357119	193.0737789831781	189.68741257598293	200.7223294632417	170.1490327561495
3800	-70.26050817881642	5.896439145281358	94.11994389821403	-21.419830472730215	-84.69307124542527	21.11163010682961	-26.01382246926281	-28.201563974922948	-13.151296842773172	-40.929805123181836
333	-101.29181236060408	-25.33646247179103	64.34239039525868	-52.997519686621864	-116.18455696291754	-9.112639856753153	-57.87269877203526	-59.937203030641854	-44.18398995758176	-71.68409031958535
3127	-6.6469420279027185	70.96733294933172	157.68348340217486	44.07186762198382	-20.443850804913442	84.47526829284503	39.957246985127234	37.37909704919314	51.33791329452504	22.57114759426552
3299	-44.117656487414834	31.993212774390628	118.91166904338264	5.041935659380887	-58.19693383555134	46.39008600438489	0.6902763048694635	-1.6274122127776462	12.884592980462342	-15.090634328471749
2836	40.22232285168715	120.07024755947276	206.819679757909	93.03187976432454	26.736234318667833	132.429919352284	89.26604185557726	86.35626420890942	99.67950503017876	69.74448643388358
3165	51.29997936560337	129.8368885000062	214.64704140265164	103.42571140445004	38.190948996734846	141.67569465743935	99.81434953243296	96.90699548224576	109.77318000294945	80.21569030588003
3297	5.172819643068691	84.02625688144977	171.49192459589173	56.8135249885581	-8.641341811466374	97.29050473899706	52.78859058878761	50.09669730915803	64.01428480336261	34.65213902741098
3291	-36.33198010202232	-25.584466419475245	-12.818086076683862	-29.74608406954194	-38.60240285607991	-23.32359204869445	-30.510818443910548	-30.68624815780487	-28.493800779202356	-32.23700733116376
3518	-18.83452212243011	-7.413074982573108	5.8862982275144695	-11.559514715559033	-21.04517026791052	-5.1067523508729735	-12.29561151514841	-12.580096254653608	-10.336549494845015	-14.448716524601654
747	-125.61448712149964	-49.38136914515891	41.80429818205916	-77.48647895838727	-140.89714125655757	-32.36334250462158	-82.59870303394135	-84.53392790490199	-68.21890364400186	-95.64337809496591
2686	-115.68901203043684	-38.90492084264702	52.450335495506856	-67.02658713052617	-130.94942458786576	-22.045774798404995	-72.09429343111871	-74.11127967575526	-57.89936586843779	-85.57834565466669
93	-99.80076721893487	-23.761167926817407	65.93968179345565	-51.42325618297574	-114.69487970948582	-7.559663339708933	-56.304131235122625	-58.36565310460856	-42.62830146597544	-70.16908375472192
2140	-122.32090311973316	-46.54470985215938	43.99329797655659	-74.46927570068766	-137.49657782749486	-29.708196236044927	-79.52376769446596	-81.45221414375838	-65.27352100671806	-92.55892442783299
96	-118.42939879573997	-42.26280800585218	48.52120881394653	-70.21306162021114	-133.60797944760435	-25.435345161355585	-75.28626509480308	-77.2655153021747	-61.085978461537366	-88.52718772531182
1991	-119.2139588025795	-42.402051673914876	49.19895876645956	-70.56282381633606	-134.53330145824629	-25.387562380816977	-75.67063270981757	-77.71530148328895	-61.378197753597576	-89.03410778744907
1997	-129.526166976972	-52.177896061003224	40.500787346535525	-80.69618904867416	-145.07337692111145	-34.80693841007377	-85.91640316918527	-87.89793537641125	-71.27236293976848	-99.07849668449154
1624	-101.33997075869324	-25.365813888980536	64.28170487219973	-53.04727560051932	-116.21590495893635	-9.169831691062038	-57.91825667264105	-59.95436941752559	-44.23334197299947	-71.7375093111072
1998	-126.81355554436925	-50.381488923389085	41.13293929026975	-78.58094402474767	-142.16683087007618	-33.281051357947426	-83.71350985264341	-85.6595316049616	-69.24500333431465	-96.76513208621509
2866	-110.2830913828491	-32.85886394266337	58.945084240047514	-61.144272613273586	-125.57412233714447	-16.09440691324804	-66.1873121204468	-68.26122315129064	-52.03783546984808	-80.01961894216355
3639	-74.97094592056435	1.5021056202783813	90.38432619252134	-25.998213777527358	-89.54112606708694	16.9315440381709	-30.653592922705943	-32.8343162915945	-17.58547258959898	-45.50056524043198
2868	-133.4717650958212	-56.65515676115777	34.22724223895846	-85.48156913047117	-148.85865549891108	-39.857316385672604	-90.42370483022385	-92.87640082708222	-75.95472967503754	-103.20585282597096
556	-119.73649012457238	-41.88544993356177	50.88783123023404	-70.436908244085	-135.24989676470082	-24.711556208919298	-75.59627525415515	-77.6663805341336	-61.12726301233876	-89.18045106482657
3631	-128.1956079077152	-51.59584518363804	40.21185100443308	-79.82501184136308	-143.60716710702738	-34.36064537195876	-85.0094268739273	-86.97167634588209	-70.49403317776955	-98.0318441204081
3469	-4.550017994452384	74.58193299700463	162.91123973152338	47.24489608904191	-18.588231126773028	88.35230399887959	43.0538943974159	40.3524847047254	54.57231899923267	25.27661189190863
232	-93.36592738431446	-17.024285309504073	72.73257427853632	-44.67460718375653	-108.22935611094636	-0.9122021123893427	-49.52640948310961	-51.65036190811903	-35.978355673969546	-63.65339214835623
1058	-107.16102259783354	-29.990986029427745	61.332694590820665	-58.17018042906146	-122.34606322770155	-13.412630453569827	-63.17053568797585	-65.23976580352496	-49.13802822251981	-77.06089428882048
3346	-100.1122774564131	-24.35877638574428	64.99271980024842	-51.9711239923445	-114.9417958856503	-8.240418715238096	-56.808857764380434	-58.826598282596606	-43.16382552019372	-70.61451631387985
1194	-48.37522948508384	27.863126217472903	115.16294055726237	0.8213795220114909	-62.55039069463674	42.43564126097691	-3.5893782519103805	-5.891941961762694	8.744720687028972	-19.251521104491772
1692	-109.02766780183899	-33.20537226386395	56.74610463933274	-60.94011322936218	-124.03104642279459	-16.76824470945872	-65.88577446146621	-67.89031413578786	-51.98727594698305	-79.40264485628096
618	-124.64660755032273	-48.708256205249675	42.12709460025063	-76.71336783375153	-139.87008774150897	-31.774690885021155	-81.80533846163294	-83.7261290890747	-67.46990154289139	-94.80895360531211
143	-101.69332546646099	-25.129651906049023	65.27752695774805	-53.02512643720777	-116.70847544434626	-8.80078112861689	-57.931196283403736	-60.01025113277166	-44.11238001380057	-71.8740667985673
999	-99.5499160660528	-23.230369043189917	66.73019275476953	-51.04024252665719	-114.4646250084469	-7.061546881773478	-55.893328823866085	-57.95186947049568	-42.180712389723816	-69.87136514624089
1275	27.552846141860027	106.98345169084992	193.92726912415065	79.88339821706725	13.987025311812824	119.63753901665422	76.03766698753978	73.23365907214423	86.73725988476012	57.00978663087441
1885	-123.52742126976857	-47.671185869929474	43.021883437610136	-75.64137567802682	-138.7246432057606	-30.782651010737425	-80.71891034116432	-82.63619244157145	-66.41501133010743	-93.72962096080597
1284	64.47468695557286	144.56130053487647	230.44409684683808	117.83538363136553	51.279079947095326	156.27650601259086	114.24507424949753	111.17356701917815	124.03620710686744	93.87293957806511
1287	-86.41629217923631	-9.483980078143968	80.47343960423159	-37.29271466007547	-101.23423071154482	6.378950100385911	-42.07745752307861	-44.239850693998946	-28.652878692753916	-56.62505971452787
2377	231.28306236726573	312.83264291283695	391.6794789021724	287.8512018722587	220.3422218617618	319.34350130364953	285.7633694847274	281.8969587889322	291.24927090026415	259.3212106479635
2127	-18.43477871710913	59.41355071817656	147.04050786517232	32.32243113848719	-32.4635165549067	73.4060804020331	28.072223677814694	25.493649972535728	39.78725656320754	11.042971542752403
2128	-131.80717814022097	-55.48380941338707	36.15640433795087	-83.70903328088919	-147.20496420762638	-38.236863255318625	-88.88055693412032	-90.80075758870787	-74.31088571707792	-101.73427546912386
2084	-18.985030476352005	58.191305310436675	145.03948326382775	31.251074114036314	-32.870944255768734	71.98362680981974	27.066714411188467	24.558547782034594	38.72213935773951	10.15801091390374
2085	17.726331869559065	94.49504527341792	179.00310660060214	68.2115646321433	4.425576933094491	107.07623682004422	64.36292031176588	61.720901733330265	74.9810082968116	46.34784659439471
2226	-96.05658651160226	-19.354336934240354	70.90147189771028	-47.221170992115525	-111.01141852221251	-3.1805892575114236	-52.0754223763937	-54.18697368068353	-38.40191813299931	-66.2260467594221
1571	-57.44639127951026	18.971195311340995	106.97423435607188	-8.197037927440372	-71.79169784476386	33.930715843255264	-12.718940583220233	-15.044325267168048	-0.1469198491255611	-28.101786023743813
1479	-65.76777319115227	11.340948612437465	100.50145136047749	-16.235385211661328	-80.33514003089012	26.59580723500425	-20.85856826357079	-23.121040730440203	-7.939780451088877	-36.13947758443856
2536	-132.718374768512	-56.410601108003945	35.325072117721746	-84.61763946975584	-148.06459393196943	-39.04618561695633	-89.7978598611575	-91.68335096066247	-75.14657755930533	-102.65557056582145
680	-67.42579632602724	9.007430961133604	97.50200411268827	-18.37043819131763	-81.92359557901416	24.227706214135438	-22.952136195287068	-25.18865465266923	-10.087883176207724	-38.01023027037629
683	-52.6778394708085	24.348892504857748	112.68329441742273	-3.000285833281486	-67.02233448528698	39.20241674358553	-7.480018521229603	-9.814002446722194	5.030449804551317	-23.19480095859801
2712	151.989013562763	232.87480378590863	315.1483572964508	207.09082587801248	139.95329327544462	241.92859961668455	204.2830027653558	200.7669807631489	211.80924542322066	180.7243605719993
1306	-130.64152615018793	-55.02832926893268	35.753618487993634	-82.98282945301185	-145.90483017305013	-37.931154738114046	-88.12158818393178	-90.00783385024748	-73.67432542736397	-100.83105362222773
2714	13.952741903900874	91.25816764816616	176.53397100571289	64.75931529174221	0.5400426298518141	104.06408469675969	60.86416798883205	58.17923765577931	71.6186388908909	42.844346073336936
3591	-51.622272534048584	23.889364556566395	110.53706311465915	-2.9159954882467187	-65.71226199905225	38.47300193655375	-7.333946823285651	-9.598719763603134	4.960135088951929	-22.7098393104429
620	-126.79060064431808	-50.3873098753012	41.02890282808573	-78.59147531171776	-142.11148489078295	-33.33844691215751	-83.7065582306279	-85.62926476166535	-69.27060445762928	-96.78206637847703
498	-112.41923806363513	-36.08539845432016	54.61510255458795	-64.0176847045262	-127.56256695026886	-19.40149612915118	-69.03469179194082	-71.05577267341206	-54.972069367234035	-82.50655284119372
2590	-105.50163442570876	-28.446590429294023	62.72195129345984	-56.486865162688844	-120.6565698867407	-11.830775644888723	-61.489743292723496	-63.60419665505412	-47.53842803032372	-75.395724399855
3090	-128.0420444453521	-52.065767690121675	38.935796342351	-80.15786370336617	-143.31160821725638	-35.066593212652414	-85.256401031501	-87.14684254191124	-70.83810237477283	-98.18319596227887
2154	-22.065225142637786	55.79768214392354	143.60770653759525	28.634226186937493	-36.12899364760057	69.89809705068832	24.356672988132907	21.81899875444357	36.17773018062919	7.443480321025807
2404	-29.1291029771637	47.25592525748262	133.71291165150694	20.420046184604175	-43.03117871950216	61.218226392261364	16.19233035395142	13.796010708856846	28.01593311925411	-0.16933053226861208
2019	-98.73992911324193	-22.683663819437577	66.92316294696494	-50.377878785563254	-113.59358481466802	-6.576023222371875	-55.227721376380124	-57.27663935900776	-41.58070865909506	-69.16082952904252
2403	-2.9314831391324363	74.17738790193965	160.13774054541182	47.46629347543454	-16.59927592955768	87.45346267459607	43.433243401915625	40.86034098726132	54.659840028225766	26.015166992142113
401	-93.5869073680868	-16.112096715252033	74.89935815908797	-44.14109363634741	-108.64082392180994	0.19440029378994245	-49.05039992133865	-51.23062876272324	-35.35056501364263	-63.43034899793787
2153	160.62749890021044	240.22393829274873	320.5930446914104	214.95072430601715	148.92878527498127	248.72724427765004	212.28443470566287	208.8209135863192	219.4403613690625	188.73120694918376
1378	-1.9194324298587573	75.20522592935656	161.1139046729639	48.490352431173434	-15.571281629299305	88.43678180777326	44.4657138036141	41.911208499434416	55.67353523185396	27.02910632368565
936	-128.93516191864086	-51.387457703141195	41.5048786371869	-79.94960403651554	-144.511872275379	-33.97435900484908	-85.17671122803175	-87.19363790986345	-70.51821982629828	-98.39450130983644
2013	-112.45192155356044	-36.82805776223464	52.970088175735825	-64.56326194011031	-127.42849250871097	-20.36249100469404	-69.50263357581852	-71.47052437465561	-55.5745954612895	-82.87479069810952
3831	-20.236013080736743	56.83531821275507	143.5502349503211	29.865621176748032	-34.10310813885992	70.58897872833599	25.707661995255293	23.253800932814933	37.377904601716615	8.85574777898394
3568	-83.05412367048011	-6.762407932200876	82.31031849323294	-34.33591440911462	-97.70679389455015	8.872272924537501	-39.031385766740684	-41.15519340490304	-25.774855955395154	-53.572870767527924
2316	-130.38274926824678	-54.25492608390917	37.1163975804094	-82.40432043114211	-145.75038925039058	-37.10407401094654	-87.5567581413672	-89.47965078730701	-73.0347585162667	-100.43256239921419
3843	-122.89072356284412	-46.9430418427158	43.8039374168163	-74.95086888998294	-138.09087409712652	-30.08465502000605	-80.00503673688213	-81.92863027404104	-65.71560107213882	-93.09957594046126
3842	-120.24369751314259	-42.797452064650855	49.59094390579178	-71.19927658051702	-135.69808533244966	-25.6542883678337	-76.3420653794369	-78.40041606380026	-61.93046050665848	-89.82516992998306
375	-81.01401887027764	-3.71525089461895	86.38404578555132	-31.600284395350705	-95.8197598059164	12.02522875645302	-36.33754781552758	-38.52585634562474	-23.000436931489986	-51.172378432530344
820	-113.04420266878198	-35.220150758641154	57.20081806300032	-63.63711326209553	-128.45611717202112	-18.22657287453207	-68.74851370232712	-70.86618679977548	-54.47467522473741	-82.55109290678746
2906	73.40576185638736	151.84372414710683	235.38874899027277	125.7908420915112	60.64718189987262	162.953549257624	122.3639327588236	119.35279663487674	131.69488533261176	102.05633506178377
705	-83.76294598717092	-6.06685444880819	84.69089608997064	-34.077531738854276	-98.70663327962666	9.893760726426457	-38.896230058279805	-41.12518166982093	-25.41294415672723	-53.70612315958963
707	-47.97084641337392	28.569834768606352	116.19482131798182	1.4324182347139498	-62.19305850674017	43.1863664575629	-2.986854778919161	-5.318907387594263	9.365023672219165	-18.75158297273997
700	-78.13910499749976	-1.77546353525068	87.17058430173145	-29.228861952753284	-92.77155883893165	13.811089250395105	-33.93652945823743	-36.12662528824034	-20.81983031934677	-48.59300068788569
702	-99.40559048135484	-23.39935307117396	66.17427050397907	-51.06090010410979	-114.24893604150184	-7.271840901142061	-55.920119260780446	-57.96981812895513	-42.28213081497425	-69.81563816581257
703	99.70298421965053	179.90437245967888	264.0682352208215	153.5630972925412	87.04833219273199	190.4281718086817	150.32405750093926	147.1260750728128	159.20181315406967	128.6673501748931
392	157.2698038992107	237.82037593506413	319.31075938325523	212.13830071557817	145.42745618714343	246.49051986980513	209.41681747289363	205.97317214602472	216.7867036610775	185.71557931450334
89	-132.81320013305603	-55.422763796215555	37.47690348395292	-84.03324224587043	-148.41378124112808	-37.98149675816016	-89.2695314577903	-91.23466417574676	-74.50650016869824	-102.34664749545333
3308	65.13066730054123	144.8173091762558	230.10738750267956	118.16369974906826	52.055234019250754	156.31618386571128	114.6474595654017	111.63554764774535	124.357814796206	94.2901497646144
3306	-130.7705412522308	-54.29420702179842	37.50601222133723	-82.55241741441343	-146.1999425488429	-37.02982692880856	-87.7345550637326	-89.6760174506552	-73.14813201154611	-100.63389293298614
80	-43.93006304606079	32.19720537162207	119.1390423698375	5.233800867549073	-58.02675907714547	46.58848815282531	0.8986516076919748	-1.4237439230370856	13.076703308333157	-14.910325717295143
1711	-123.46079318777433	-46.43278553955193	45.642464007995486	-74.7289679823601	-138.89321870873292	-29.25358392335016	-79.88420383760496	-81.9104919525312	-65.44807248800367	-93.1567779274912
2145	-119.17359197780962	-43.34692973893885	47.117006533792406	-71.2030269436454	-134.307222370782	-26.56966281618246	-76.25093423803197	-78.22188303058998	-62.07993160066843	-89.40431890313404
2306	202.57273845341382	283.7992295360672	363.8998194122344	258.56918075583144	191.22236474858292	291.2796851429561	256.21511887097586	252.451908100742	262.4550860526932	230.85172693194775
1658	-99.49813253662381	-21.29631013824357	70.79807225526545	-49.7135207872621	-114.74144905822652	-4.775027015506533	-54.68765162461907	-56.8538383526231	-40.718111806217834	-69.09309321772834
1655	52.12836719975208	129.2536307340621	212.3624781166747	103.32327278770303	39.2890025145317	140.7706277746137	99.79376360725671	96.95830195445114	109.50596995986349	80.47663166112689
3665	-31.10509585037897	47.175720934211014	135.9387563041478	19.769409154371562	-45.386784332267986	61.6578002032992	15.378478125104499	12.848906653664216	27.490518575325858	-1.3189083918747886
3667	-105.83888227116105	-29.560857064033655	60.70249425051156	-57.42043378368082	-120.85594735739214	-13.168966869425326	-62.36605716477987	-64.38761670305709	-48.479978475831764	-76.08587183180876
585	-63.64292087301449	12.18073906788216	99.7527784722955	-14.921819214809817	-77.9332282342609	27.15261727799925	-19.439151787563418	-21.646342934149796	-6.775568524604606	-34.513594142408564
3661	-132.7060295768266	-55.92325888124762	36.302447755898015	-84.29651723619094	-148.1999043237634	-38.558723346569195	-89.50401752603214	-91.44344344678886	-74.86591320592646	-102.41329033744091
580	48.87281506609983	126.03930596094995	209.36474926587135	99.99925777011893	35.980810740518805	137.61017187088208	96.4604564191539	93.68080379876632	106.28894236623219	77.2409709176514
3749	-76.10432799502804	1.4883279108204286	91.7533849761425	-26.34965806963332	-90.93512546198303	17.246135402730864	-31.097547473098178	-33.3728181614534	-17.86276151381004	-46.109163198558306
2280	45.38722082298552	122.53563588952487	206.02051036173182	96.49617974063477	32.45695491301053	134.26365911594877	92.90914649260853	90.13307130118494	102.80500452936711	73.82512423985976
2282	-77.79006546699524	-0.9349879374733668	88.56426630590367	-28.59396849702247	-92.51067822202143	14.673813716688047	-33.29956104648133	-35.502559652457364	-20.096792538966067	-48.127001763371084
1130	-2.6222389112549056	74.30855483891723	160.01419226179374	47.67197758129667	-16.227747756519392	87.53317494336524	43.655741670092176	41.1001372667691	54.83857020519045	26.251091738261014
241	168.28911561832484	248.5134703051007	329.1539150788853	223.13769768015095	156.61332092773347	256.87349764215475	220.5265722046723	216.99969847621017	227.5338342205425	196.57041094149253
3155	-34.13087496194503	42.77920155967527	130.12128116558662	15.760682808729817	-48.20255810865636	57.08604377334037	11.433625804510836	9.008242370510422	23.444157566789965	-4.852565630707096
2793	-8.034468120855628	70.85958003238308	159.10897788730003	43.552606268699	-22.07687216465622	84.69737764790631	39.347798944903765	36.67979009245802	50.92930069833968	21.727910763594807
1982	-117.03451511300806	-41.08109139456606	49.45390814412761	-68.96633837146165	-132.17713663416276	-24.342096807968154	-73.99091137741597	-75.98019871636856	-59.84769952107726	-87.25024786541448
2832	64.2398374670054	142.663784026864	226.63531594070832	116.47335576020518	51.352891768742275	154.05487125411375	112.98364775559699	110.02752477928108	122.56102591776829	92.99802814653623
2275	-88.42827597391982	-11.847275090261537	77.85846382498471	-39.53437753101029	-103.23174386168952	4.079570205090194	-44.3349358067335	-46.46359920316013	-30.907930507533475	-58.71518084157348
3393	-113.3733044964913	-37.28840306186216	53.14983571877632	-65.18070395956616	-128.46180865281065	-20.67645279407692	-70.17678305559768	-72.1739500129057	-56.11518240411882	-83.60302066615318
2276	-123.70106790941824	-46.45158985674422	45.84111839275013	-74.82876203171145	-139.1576204347053	-29.23517713918049	-80.00427815065004	-82.02529432841699	-65.52661100329564	-93.30820815555317
1430	-91.01591983045253	-15.352207516090086	73.49112435896049	-42.76771314605313	-105.70194986183962	0.5106078705220358	-47.5392145280305	-49.62739631252594	-34.152642995129504	-61.61499233904319
3398	-104.73727920997051	-29.136315932636197	60.262053239628464	-56.78521048194941	-119.61328809864759	-12.93080613749329	-61.65500094878396	-63.630813576636676	-47.8981749297378	-75.26714732513929
3011	203.1003418978168	283.9309989634189	363.46403227975514	258.8582950721758	191.84561269057662	291.28764115310116	256.5173931067942	252.79770493857467	262.6693379482697	231.22234185860356
1005	-104.12154418104336	-27.318101679318424	63.50985741982852	-55.275320083752156	-119.22642476341338	-10.801430254274724	-60.23703899722782	-62.34579600134545	-46.348937156592335	-74.13073966096097
1004	10.934073029672422	88.05824031168109	173.32339270035575	61.587037662940276	-2.518879126119718	100.95001767700417	57.65174151853488	55.000356478526435	68.4856448553588	39.78558253480528
3593	-55.644207333489014	22.889677087334345	113.16273443596316	-4.958785838603223	-70.3308441675461	38.17922414481225	-9.585215983966794	-11.99496156014699	3.236984962832441	-25.504114429243554
2596	-5.140660888046526	71.57495695462603	157.1274650666851	44.94016364665154	-18.735753349799854	84.78198884123105	40.91740529746451	38.41883235434346	52.14916111146206	23.65074218642566
3590	-70.94094357123477	5.267386170327232	93.66651004677985	-22.048872896325058	-85.43034714607326	20.563635542738872	-26.680196905010295	-28.872874351695575	-13.759484098926794	-41.55190209932823
3597	-108.29406688536258	-31.70318590917571	59.09433552422448	-59.639700879184716	-123.41627451774673	-15.088661246352585	-64.63761189166704	-66.70785348271568	-50.66362453334927	-78.32421576235795
626	191.40880356994822	272.77689603370663	353.5209704868381	247.31657451981508	179.8982391220342	280.5676725736134	244.8603817489974	241.18035225984906	251.42001574374018	219.81945933159494
629	367.72163205868037	454.5458417228356	532.4116165821694	429.7069066075146	357.85038996666503	457.6819750750596	428.57826844986494	423.7728778807848	431.12761132845753	396.3040529055626
1345	-68.30330173631717	8.929997363977451	98.39823898158488	-18.67232082143662	-82.95413135846543	24.367039304039025	-23.336336249799007	-25.635214003698575	-10.356115380016815	-38.54287335108568
1876	-69.01011779220404	7.729997057780136	96.64204678510208	-19.75819930649937	-83.56092896279964	23.040401878225172	-24.381193764562546	-26.604109075696638	-11.445582861907111	-39.48456342470073
1872	-120.7576046990605	-43.07625943592543	49.57619683393021	-71.5639655305817	-136.24832612002328	-25.866640287794784	-76.71482468798558	-78.77507337700527	-62.255052176127606	-90.22431844971075
1873	-129.03111338591057	-51.76426771425508	40.79264593293449	-80.2416072748353	-144.55624935812227	-34.404700975916214	-85.44642667889862	-87.4507809398992	-70.83387765803472	-98.60403283137502
1459	287.6575626261895	369.9769241177034	446.82940093868723	345.56468040039306	277.41855294188144	374.88170629406505	343.9466905633994	339.75667269565287	348.01054726921416	315.42777588625086
175	-121.09167012353221	-44.431088611496556	47.093303018450264	-72.57561758632764	-136.40541768349678	-27.404362801172237	-77.68837560822061	-79.70377031491348	-63.358911383185706	-90.96375086457512
975	-96.00072213497232	-19.722017234742083	70.04344411140117	-47.446079760355175	-110.87097064612134	-3.6416149030791045	-52.294841412221004	-54.36960439007925	-38.675908145311446	-66.37622414406826
2056	-105.94511258719804	-29.84268904595407	60.24663783764181	-57.59028642863069	-120.92701884070516	-13.420696196470479	-62.53313764163114	-64.57350175799512	-48.69558145623703	-76.20967908729295
2059	-111.62653657486631	-34.95719878863365	56.07839641524195	-62.97059674852322	-126.80078366842659	-18.24262999706402	-68.00053063960088	-70.03808812992837	-53.9368691052689	-81.60758170870237
3697	63.069881328104124	140.3879763830184	223.1172836871207	114.47937451337965	50.38229238963969	151.51724127828058	111.07955297404327	108.2266703318749	120.54095513402953	91.32630663522012
180	-118.10527822787498	-41.577604328760195	49.59956584540694	-69.66248912829613	-133.34525087828803	-24.71919002824858	-74.73837325889964	-76.73109864342227	-60.49855468436358	-88.09337812768811
181	-119.83063178637987	-42.8357586347376	48.95449660923214	-71.10892063017319	-135.16981862707033	-25.856350227480494	-76.22068324049768	-78.23022937920052	-61.8765813914017	-89.63657574347745
185	-126.4897648891165	-49.99333899929347	41.60964830172803	-78.15076852443289	-141.8441608377788	-32.813780747394866	-83.31669349408293	-85.28180681410329	-68.86546092928985	-96.35893428142437
3084	-5.576378058634748	71.03156986485864	156.52501397900178	44.48764684979995	-19.16737021374892	84.31380549641062	40.46315345177245	37.92485483483684	51.65493020934462	23.239552519220275
3086	-124.257549106223	-64.06761343688284	7.243895786553268	-86.58964662848119	-136.36816363598751	-51.36028950424755	-90.11864284216102	-91.4954116907152	-79.52078829747592	-101.28672346206238
2627	-76.73421696501573	0.570807698084563	90.56322666644161	-27.20728637519985	-91.52634611940151	16.271711415275004	-31.941631870568234	-34.19788240110938	-18.70512662333354	-46.8891345405384
2624	-109.38182807308613	-32.12970461116062	59.36474213528854	-60.33669529933101	-124.60281836450267	-15.453991173335558	-65.36324355581066	-67.43336250441345	-51.27712463912369	-79.20583120374248
3526	-43.81390623187092	32.934206088240536	120.5197925188764	5.780309762153131	-57.99873870105223	47.41750761328164	1.3907673463586812	-0.9529368865712213	13.63913934767939	-14.536545646294645
1918	-4.760874285833082	74.31349314277065	162.58640359048596	46.92211770963832	-18.781207322169283	87.97959384892947	42.76920294959822	40.08386699523571	54.302480137764405	24.95068528751312
2122	-44.618329826618776	31.801799876760345	119.00163460848405	4.695192360920663	-58.72640778056537	46.197115933341074	0.3607216981723955	-1.943016556228636	12.579608438932771	-15.522478236297875
1910	14.651402562536239	92.05786383399514	177.35908405765196	65.49417277526938	1.233997875501421	104.8006018920448	61.625906542576544	58.97281716197078	72.37517586848276	43.52979249339368
3528	-126.46640659537545	-49.99289961278605	41.51775137399134	-78.20343613061046	-141.8157442709218	-32.91845339775371	-83.33096529029575	-85.27285632370153	-68.89015649997384	-96.39235848116454
17	-87.08912325715131	-9.029034132332669	82.28518433579582	-37.215710948599884	-102.13208176522112	7.082909192106873	-42.08240520447195	-44.30933603444417	-28.458510213069705	-56.86109231329337
861	288.46159593964205	371.54322245581955	449.17864650538036	346.8874617881775	278.10686174254243	376.55287012203013	345.22751779830816	340.99785028746186	349.37398733161564	316.523129234714
860	-61.30222639542824	14.870471337025252	102.78731554222536	-12.328261466915805	-75.65488395239471	29.84860416848812	-16.849726677567652	-19.09217751403705	-4.1789843652293035	-32.066952780310416
3447	-109.31842253685195	-32.81272911520269	57.890045682219125	-60.78777541358878	-124.42322511025223	-16.257064220681023	-65.76579672760603	-67.81797716658514	-51.76794763955396	-79.43985533225822
3446	-66.2504321631589	11.085123282815427	100.55987557034369	-16.562239670395286	-80.89010039135822	26.45059207492138	-21.188748111252405	-23.487231995081288	-8.241862513548005	-36.48365877961709
3441	-58.538217126220346	18.658529613005662	107.48022794428479	-8.835543565140641	-73.00158614554834	33.71454748580668	-13.370401900734063	-15.690589131510023	-0.6791198215386247	-28.93238565115373
2150	-133.52823813837543	-57.0946009320474	32.96319246813437	-85.3179003145973	-149.28070131820633	-40.30151066467485	-90.31710163877318	-92.23377692236902	-77.01759290101187	-104.39822065258303
2752	-103.68761898833884	-27.30805971957747	62.894175469221054	-55.18484031845052	-118.64964053311533	-11.00745052414063	-60.07445250067418	-62.11450069280259	-46.27222699971604	-73.93192941965222
1365	-132.46005416542806	-56.400051961681086	34.92852143864888	-84.54550999371692	-147.77649992346164	-39.20989114005459	-89.70810255807008	-91.5836554860022	-75.2122664610557	-102.43807562991567
883	155.96247635716094	237.65185722309135	320.5853020582145	211.6127979327588	143.8667098574671	246.65407745925867	208.80125312624293	205.2337522739347	216.34818864784955	184.9210416529264
886	-43.73132934388962	33.93636935475693	122.62164023657887	6.530448534543404	-58.09163090803765	48.684814471565375	2.074928852530253	-0.3552465990449966	14.44297396657641	-14.04173915547608
888	116.02920913048142	195.4864320743207	277.8992140261024	169.66694880322711	103.75701272819234	205.36391789409095	166.60621982267108	163.3535163574021	174.8977876409142	144.58574414283393
1604	31.714842692299666	109.71785715868882	194.94689943631337	83.19156749176014	18.40327895650192	122.06454528197334	79.4264644364137	76.6458459434542	89.8540874108665	60.6317455445488
1115	-23.998801624414046	53.171943944457496	140.2898929938936	26.17853566324572	-37.98688132388931	67.1615851137075	21.941073337907472	19.443593289934718	33.72520311721662	5.242323482041321
3235	-105.91753869616761	-30.164462137510096	59.54676293346932	-57.81569481996703	-120.85690061160022	-13.802022420386825	-62.73448433657099	-64.76545036648653	-48.931192623375146	-76.32570266976805
322	-129.30567065201063	-52.00403675580158	40.60920461422669	-80.5369947043357	-144.8479001192281	-34.70140003505341	-85.74392511429306	-87.70190481651248	-71.09398234743266	-98.9251890828318
2870	-20.173713630862967	56.51592447710276	142.84783477221308	29.734039812503646	-33.98631222599399	70.27736774959803	25.55667902106398	23.10009565722126	37.16664858065061	8.816827302054557
205	-106.91263397448469	-30.74984102083398	59.43361454201411	-58.58009275936271	-121.92332517945901	-14.334823436101082	-63.51816579008301	-65.54545575489409	-49.629753158954315	-77.18442188876693
2876	-130.75357827719793	-53.343306786378754	39.51485353355819	-81.88202976223876	-146.34393438249884	-35.880252544274924	-87.12223090975402	-89.11413984325986	-72.42522414944877	-100.24424667827715
207	-88.78621492895802	-12.08194480100383	77.77295182625447	-39.81388409415793	-103.62485275967691	3.8720775701599983	-44.619004360697126	-46.76240767776494	-31.172378273081826	-58.99754573503305
772	-0.04786867643576068	76.9460304626467	162.61389038780567	50.30194689663388	-13.64619675542335	90.0944778126281	46.311415313338244	43.734318197552696	57.43897523555799	28.81204214936823
3357	-39.358906616914574	36.80561095129415	123.48757473518879	9.89406665075611	-53.367331219920686	51.02477178296426	5.593390608811783	3.2630367650598644	17.632834439209763	-10.386849957204113
73	-115.48235932414586	-38.409453895846106	53.23958088548208	-66.67446795549175	-130.778325966782	-21.559681281708706	-71.7353285134449	-73.77484064593543	-57.4916911369057	-85.30984275476641
3059	-24.32317922399208	52.99036381353427	140.23853485922137	25.95231245128987	-38.30675148249573	67.00656607581587	21.703659252951837	19.213049343557458	33.50255101354638	4.9795761911225505
655	-123.1965733184241	-47.16299413212234	43.655529545609994	-75.20433545470195	-138.40626936672925	-30.298703448331633	-80.26266336788024	-82.18400190110292	-65.96606386415876	-93.36408588701353
78	-24.47568307554645	53.050065625518286	140.64629197503032	25.950044195506784	-38.54284593263469	67.15317644959745	21.66962363756847	19.163033281803973	33.52471636094996	4.91031350081799
1595	8.964126653333983	86.27941871520349	171.8869871451595	59.661035389808085	-4.558199672879481	99.22577049730502	55.736559819510326	53.09706339265145	66.66961647611913	37.86993160171302
2335	-123.36217449062893	-45.77312510330041	46.87587915362078	-74.28403997165434	-138.85591294310592	-28.55642385341478	-79.46980180276923	-81.50520159637769	-64.94084559640832	-92.8827428296601
3074	-79.67228582228189	-3.138191648487273	86.11094473844993	-30.68297258747456	-94.36239089891421	12.509385548025952	-35.41413873492406	-37.601104753955916	-22.200364790629493	-50.074796820401566
1760	-84.81860722702315	-7.954080843345462	81.92707638098909	-35.66942955063108	-99.62384355412496	7.93007866607343	-40.459074028170825	-42.63077637978481	-27.083903465665326	-55.03611384669471
1761	76.42468000220062	155.33150017881601	239.1796493903682	129.15743053284342	63.656317044045075	166.40064971906497	125.75538617985946	122.71197665710739	135.0421934440747	105.21838930347138
1263	27.918418040045594	106.9799727490719	193.54065424069634	80.04706093422762	14.37368738623743	119.62001877085584	76.19299959944193	73.3720520048091	86.83597175130595	57.26735266723297
666	-108.89468700474822	-31.747222250497472	59.66467949082974	-59.89060337086169	-124.10816411285333	-15.037006258524116	-64.92502734303346	-67.0090233532023	-50.86101781172462	-78.72491693284515
1149	-127.91960849251522	-51.30971437422706	40.4492201015689	-79.54433354354526	-143.3018303207136	-34.12030012037927	-84.70891298873073	-86.66273225798156	-70.2240236746265	-97.76583571954784
663	-91.41741747472611	-15.624736860315956	73.38463799168208	-43.07089289317763	-106.14161728381706	0.2933378901675261	-47.87181946040826	-49.96688723475797	-34.45141463152378	-61.95382151763118
661	128.79591426883303	207.57189620930663	288.5668631776286	182.14610561345364	116.82559868109921	216.90895812816711	179.23955633914824	175.96629879301858	187.10666218631428	156.93912113919876
1264	-109.99824417132308	-34.041759438702755	56.05497485131161	-61.82066401381775	-125.02349191684496	-17.54573317429092	-66.79501992682424	-68.81536577031672	-52.86513870370527	-80.28229958026584
3174	-133.94757872996462	-57.57745965019507	34.20523871634962	-85.37773512820323	-149.705456238563	-40.625487632368205	-90.47508534696041	-92.2287115008597	-75.90468556697694	-103.41090040337244
690	-5.310306704794306	70.8072763468415	155.71067736977542	44.4279859659248	-18.81835006936741	83.9784719734049	40.41385727593007	37.905124218709155	51.533307318534	23.303033916905637
1302	178.3643761922538	260.25472923694866	342.2884012205859	234.4611026153003	166.54406832800473	268.60991200698754	231.85901611162598	228.17518589891873	238.83753785217104	207.17265409088776
695	-111.7115716321378	-35.665019296879564	54.63938322520539	-63.52749191836727	-126.77435164834941	-19.124898070128964	-68.50101041881119	-70.49361625925113	-54.49741128866585	-81.98761644888944
3122	-85.2892895624822	-7.383148443958792	83.66948006401213	-35.508243497809154	-100.29055961042985	8.640754463937544	-40.34761754678565	-42.564558336047405	-26.794427175531176	-55.15015623562786
2528	-85.24976184095256	-8.837393709388767	80.51879547412555	-36.440528677511345	-99.97644750654575	6.927523503801194	-41.19933639035549	-43.34466377406892	-27.86726569127477	-55.66069627146321
2480	75.55762863911534	153.83952542968137	237.02057553003672	127.8539325428092	62.87574512501529	164.79117293357464	124.46358954649102	121.47959079281877	133.6829600368607	104.11822324094994
2951	-93.01355797903342	-17.48011385947514	71.22717929741232	-44.90385594833149	-107.67739500836912	-1.6428125611873496	-49.6721795161739	-51.72204028721214	-36.275973144551436	-63.662289620802234
1468	-66.15513763986873	10.459832802278315	98.98486872864687	-16.992974147092312	-80.61077837037514	25.590877837000374	-21.546859091472378	-23.75231826657432	-8.721226157037366	-36.71827226056235
545	-124.16220240360772	-47.85946299610726	43.35210012728674	-75.97724466646076	-139.44233615549447	-30.88099338426427	-81.08392845246102	-83.02369180825445	-66.7060025761697	-94.19990518953354
2241	-92.65185141710577	-14.723778809498553	76.76649430870611	-42.92349902202646	-107.77668242680535	1.5901226983726213	-47.831664418051346	-50.03855882710327	-34.0974876903803	-62.3676759005505
2242	-129.08659238394372	-52.1222772121458	40.15958968606169	-80.49310196000569	-144.57970940491902	-34.80434702538621	-85.69477720543354	-87.6750542835366	-71.09906877392635	-98.78435656116825
1315	2.970905007539658	81.0019942435144	167.72046073695572	54.12898922443937	-10.77226410385372	94.3401240695015	50.0805704172062	47.410744042668654	61.24436749258804	32.27659254162849
2709	-41.04022457809477	35.37021052174847	122.48145288700593	8.360600850902703	-55.12997235015928	49.72969230394445	4.021219293215549	1.6623402245852765	16.166919054409643	-11.944865310920823
2705	-58.799378755288345	17.779907198838103	105.95059105414003	-9.503783203791484	-73.16906393879287	32.72386410650193	-14.020752767155912	-16.29952437287016	-1.4066210866645992	-29.40197127274111
2468	-34.290608745984045	41.93827414754224	128.46904809695104	15.083942161716509	-48.24222892694025	56.02710078737239	10.816450152434324	8.450318864893646	22.74413749653503	-5.3414717294902525
2702	-74.51142591922641	3.512428085026145	94.16607400944623	-24.488424958957584	-89.37558645876454	19.258577355517005	-29.223263279937136	-31.516497615767918	-15.955070436695618	-44.41004555027151
126	-84.86786483988267	-7.469002102509405	82.99669622579768	-35.38276765442813	-99.77689447685454	8.500062053472476	-40.194820718641395	-42.397818049846435	-26.739288574909974	-54.85939169153468
1825	-104.67255351771195	-70.57391333899076	-30.363473602977997	-83.67798085051872	-111.75009856234308	-63.73459277189417	-86.0741238193124	-86.5652004508963	-79.96762367359098	-91.6462257011009
415	-131.72713336681437	-57.61043044818777	28.092471096150067	-84.87089358993003	-145.62221186132487	-43.752900742609135	-89.50078257240276	-91.51167305290531	-76.83377177067553	-103.51988264648743
416	-76.0750177454186	1.2535100204817229	91.22142138140978	-26.482305423715122	-90.84010384635353	16.98381835258399	-31.214127666227338	-33.47517146812776	-18.02156028777485	-46.16705130840745
2144	-68.1509830302627	9.020421885944414	98.42176560062062	-18.59616824301234	-82.7949538058086	24.409550040673718	-23.234238868221393	-25.530353191695706	-10.253460645405113	-38.45689143306947
1388	45.22787839982763	122.36356308970784	205.84003861835234	96.33585336291513	32.30165202869919	134.11113972740148	92.75061512781058	89.94508733617394	102.65168399517113	73.66482807710287
2141	-80.66219429247445	-4.3678112140946315	84.64237897367623	-31.893487014690677	-95.31763698182613	11.219054356319978	-36.585322571371506	-38.748749747907794	-23.38710305328545	-51.17838855314324
413	-86.2877623639406	-9.202584851292274	80.95488411808252	-37.08610883566	-101.1468472235196	6.686188690527517	-41.872649051454296	-44.02938374530577	-28.40167832908478	-56.46354515728098
137	159.5837638265959	239.35210284226895	319.8783858901954	214.00719699420839	147.88161383931416	247.892486340833	211.33840841824846	207.86990688807722	218.4978968655094	187.78895255797863
2062	-113.76213016357082	-37.21313735391839	53.7945136388708	-65.26931691593792	-128.95689867374648	-20.49338340331354	-70.2860805927083	-72.31509206652785	-56.15080889590133	-83.80914648681603
1387	-64.53535171168387	11.426949004116066	99.26734908767473	-15.750890792291713	-78.90126644805923	26.458902333272604	-20.293727981783697	-22.51576037735952	-7.5567359610715155	-35.34087390969995
419	-55.79923346155429	20.44893885805897	108.08230223855811	-6.720929502832397	-70.06765608104384	35.21692131663546	-11.178648358785765	-13.433596369570127	1.338005249484887	-26.632940638302276
926	-55.033350833553804	22.78955913834353	112.24030405969549	-4.81311542510289	-69.58846400450881	37.93265478811384	-9.389873232080433	-11.78425399195596	3.3102836780669436	-25.174470119584065
2067	-123.3170372905651	-47.24955144723643	43.67538301172962	-75.27393231922525	-138.55453791225938	-30.325879194088653	-80.3626323853449	-82.30664260423892	-66.04034398964156	-93.44519965133117
3827	-25.082823325148144	51.20146252946451	137.26335240674703	24.472746415640867	-38.87603346208605	65.00030581678344	20.290389250246463	17.873436378404936	31.954046346254977	3.7905045001715885
3823	15.70802156100632	94.33604563995235	181.02556217238126	67.3548515339038	2.0814157376863682	107.24429213050499	63.42915348230458	60.69583103794299	74.35566422997192	44.995394731838374
3822	-103.24228621175727	-26.708380371537608	63.759549452872264	-54.556785061021415	-118.28062565263905	-10.26989784471824	-59.51224485211836	-61.594357529270326	-45.68142834789943	-73.36372731312073
313	-118.76716607943159	-42.398504337649854	48.68918387556047	-70.44190808391791	-134.00849583594518	-25.531927218576577	-75.5075930656097	-77.51651327625618	-61.268609692099794	-88.81114503902155
312	-130.75960030768798	-63.011848281423575	16.45647136525417	-88.09139465519853	-144.42162236924003	-49.10215776319908	-92.36709436762051	-94.23232585690243	-80.73249675914887	-104.93466950741917
1947	-96.03866165274745	-20.39193071011272	68.65403599109351	-47.92202846030312	-110.79080913690086	-4.448728932017956	-52.71174054390623	-54.747410993744374	-39.187845250970035	-66.6579372938623
332	-78.34892210712924	-1.9216829850410484	87.13241878704838	-29.414963675954716	-92.98827192730405	13.676275451165909	-34.10448821810084	-36.30691878712509	-20.9607083245743	-48.796482076898016
1922	-128.30511800709036	-50.94313744685128	41.69780438143687	-79.43001044598185	-143.83924870778125	-33.58321019781097	-84.64237500962192	-86.64181625494199	-70.02979911191846	-97.83592638603159
2768	-128.11227856700208	-51.196329800308156	40.97689649869734	-79.51775511231526	-143.5768095048266	-33.88974337461566	-84.71558214670398	-86.70528121581569	-70.16403847398588	-97.80172710877599
1926	9.483083934053745	85.44271119517072	169.4185819041851	59.301366114698446	-3.7721115750180028	98.11075674860913	55.45359808032446	52.894411142990755	66.14490921522057	37.86434876873168
1928	-134.7030515915828	-56.33118378965111	34.16660637510667	-85.19963991295799	-149.01090900103281	-41.2624654496688	-90.17309331637989	-92.12620786614454	-76.70062012855912	-104.21839489782424
3278	-30.086240382087173	46.8791554041211	134.08560219652895	19.85372827388938	-44.13033872196583	61.02085854185707	15.573851500715756	13.13332298581667	27.50109726057636	-0.8696867604130576
836	9.23189816377034	87.74103852012588	174.61686572768315	60.708606225425854	-4.48100530017593	100.8377003060834	56.72997945465879	54.04495946117301	67.79836319069807	38.5544999806413
3578	-31.285666412085554	45.670581108342645	132.90145615332557	18.68034165849586	-45.33299025834711	59.875523600850634	14.376390470883754	11.917393795474268	26.30578985956269	-2.0218430046536278
3575	-119.8688511721079	-43.722677953596076	47.11944477155345	-71.70338391548789	-135.0747652295301	-26.872511560500175	-76.76911366252101	-78.7491243212588	-62.54441687751826	-89.96864945926501
3576	13.87179911114749	91.07125587637604	176.24852994197659	64.58720255140834	0.452873577028417	103.82762161081293	60.68644177172817	58.04898550658308	71.4573692088996	42.6995758500414
2665	-114.36511832153315	-36.93759493157317	55.093538390837864	-65.25010014935681	-129.71225753403488	-20.00060175998437	-70.34165997294191	-72.42490586494156	-56.091252473535526	-84.0315993812752
366	-16.447371010184348	61.35273293798675	148.72605610864943	34.217506175200135	-30.40530803610004	75.14252690355022	30.033664919438326	27.50762838993123	41.69887272254965	12.892945734142975
2448	-113.26560620002878	-36.49125528457794	54.75748011747635	-64.59958561611737	-128.48408126315908	-19.71544705218284	-69.62611992270335	-71.67950083812018	-55.48204909354821	-83.20880009807837
2669	-115.05634591843778	-38.56729356941015	52.33257433294541	-66.61421530449068	-130.21751382094791	-21.86055046673009	-71.64011654001702	-73.63437807457711	-57.519544985073594	-85.1026256175112
2939	-122.29926026947594	-45.386047901063584	46.43619448274627	-73.67147638040973	-137.66859323240402	-28.32950729924205	-78.78750770234129	-80.78336827885991	-64.38280269256175	-92.08501480261354
2933	214.49580831267198	296.1347741688519	376.0733668769397	270.93855889878915	203.25352354180976	303.28602000833683	268.66079333166977	264.82630381175676	274.6412849260405	242.7766562987736
2930	-130.17118985011103	-53.95202772276277	37.490215232767305	-82.11057484585588	-145.53219831639916	-36.76883258765295	-87.27587817176466	-89.20424146601891	-72.76430719428434	-100.15255844846882
380	29.45331388579976	106.79797893428629	191.36040425073574	80.47747183583574	16.22564061230747	119.10762699554189	76.73083539870622	73.98453157743052	87.09954466918018	58.15733297420998
382	-93.71360731606632	-18.10356762371191	70.81899768290616	-45.53101523700555	-108.44525489690304	-2.1622459622027344	-50.332360292793375	-52.406226290997374	-36.888628035551996	-64.31399756524266
384	-51.642041709365536	-50.648610524408134	-48.85271886324436	-51.57864331923298	-52.1402851608824	-50.15875089765763	-51.78183849949864	-51.57029148508068	-51.275595117814774	-51.20271276246985
3311	-129.96662244614296	-53.76778549632797	37.60851762069246	-81.90780214681381	-145.30714279031676	-36.591026745653245	-87.06533892662962	-88.9802817336891	-72.5739190791297	-99.94618360949053
3316	-102.2940290757911	-24.713693019118104	66.82505032728609	-52.970308937250515	-117.46602554378958	-8.227190486627244	-57.93150868981731	-60.04038807520045	-43.97478625459518	-72.10767246640629
787	-115.46428031663433	-37.61017585476501	54.89524050306993	-66.15244130164129	-130.90241423561451	-20.651103113161355	-71.25033776653154	-73.31421696866617	-56.894307401675995	-85.02773063521339
782	-123.8395087290697	-45.81996455559666	47.33507800840072	-74.51768580595021	-139.4316720681355	-28.54267486113948	-79.7051266883727	-81.74212516423069	-65.10453294903735	-93.21956115686469
1723	-111.72592814158216	-35.966322237023775	53.98975493024769	-63.74318683548526	-126.72759007016822	-19.506703310863255	-68.69213494795967	-70.65872950747084	-54.736465230278036	-82.13437487179216
1721	61.602173567523174	140.05782071006124	224.22647296784825	113.85743531110688	48.67047748285557	151.56281972469029	110.31870860089006	107.365611679907	119.94999385714455	90.4339419470031
1919	-106.84082617599003	-68.89114570257799	-23.766045706499238	-83.14830990238966	-114.50839353842714	-61.007505893429254	-85.62492364817992	-86.40952042298461	-79.01260705665148	-92.2709618129277
3611	-99.22510985400004	-22.239632672628307	68.51577968823476	-50.18547003254236	-114.28094600320217	-5.853668620647665	-55.12905538255638	-57.24901248694686	-41.34350180734738	-69.21139052145186
2299	-41.51686458766046	34.54395928660267	121.24879615279421	7.633463866091716	-55.54368068466816	48.81806585230384	3.3150616960002157	1.0092751092679477	15.433604956195603	-12.575667652106246
3752	-57.129065414808316	19.247680286767892	107.15587049600958	-7.953372935353528	-71.4636987049171	34.11956866522316	-12.454285051125563	-14.731108934510063	0.12123425634284246	-27.85128755312623
2297	-93.89664726350829	-15.544583819124885	76.43466592513802	-43.94111432215501	-109.08108290114778	0.8191484141717703	-48.8702048296687	-51.07102662357338	-35.033574023110965	-63.50127746971011
863	-109.6693805283716	-33.62756623632261	56.51850283756668	-61.44980795837385	-124.68106721388716	-17.1679763224506	-66.40076482355435	-68.39473495438273	-52.47793568585194	-79.95391756809414
575	-66.64081326331709	9.771794637051713	98.15681772394984	-17.616925976153166	-81.08303166153057	24.8976892488175	-22.188699788886364	-24.378666098069594	-9.334727540007128	-37.31124118264993
3756	-112.26733937144472	-34.90670678406239	56.88592560794484	-63.22853168983249	-127.56343495572617	-18.13484062995039	-68.27865467610901	-70.34316610787111	-54.075546754065556	-82.04414674310172
2191	-43.40766640940814	32.32918996757075	118.73852257172354	5.528689900673416	-57.39688151022142	46.626202072682254	1.1968593350991057	-1.1009077034599084	13.29728504979378	-14.530677178630707
2197	-54.25137516583064	22.77830762602534	111.21101742273883	-4.61399719262974	-68.63939413092885	37.641469443102956	-9.112745501142808	-11.425613776260096	3.4541853594460936	-24.753855203378954
2801	-78.58852756119308	-2.4332241688392866	86.25487400481346	-29.881104168100464	-93.16450626654701	13.037447343897401	-34.533782882213835	-36.68028316087715	-21.43742816551727	-49.202595724072935
256	-130.55599141062265	-52.8681668055445	40.21951677028549	-81.55570796932881	-146.16967008462055	-35.45209051621797	-86.78459987941423	-88.77019681566135	-72.04411359895228	-100.0191979788323
2807	-101.63512120678789	-25.249925194144424	64.86508332714281	-53.065093672033015	-116.5790267578144	-8.970499289840168	-57.97123591506614	-60.02798474108274	-44.227379011165446	-71.86511054834745
3160	-52.569810427161265	25.2980336091655	114.61280650753089	-2.363294057916554	-67.07295544997586	40.24997029354549	-6.883897710886215	-9.249959071072798	5.766116145535041	-22.81016089163501
1423	143.27085768636582	222.66940717233118	303.69253801279564	197.24295495473902	131.37532889078605	231.69379686327625	194.42885082088267	191.05826332882882	201.98900635574128	171.48793758761104
3368	-77.00943542399429	-0.8923057295539023	87.70220995457292	-28.263003000659523	-91.58032295573872	14.58597497150231	-32.93545608746996	-35.10323801479238	-19.873675414477937	-47.58307643640105
3364	-123.78329438934664	-47.921272532735735	42.76461112313627	-75.8924816513074	-138.98394152539626	-31.035511550820917	-80.96795704780577	-82.89110448856282	-66.67144597934004	-93.97204253137785
3362	-47.88645423122283	29.871889926256234	118.80853829607334	2.2946350310908854	-62.30106260562297	44.64001403672034	-2.1655278811886767	-4.5367486643459	10.349714605754949	-18.231671649611886
2790	-64.83082627031318	10.926139942059004	98.4852847247338	-16.158028072811113	-79.13890924358097	25.948762498628817	-20.698472750950014	-22.90962640559238	-8.0278681361843	-35.68233771480764
736	-52.975937723987016	25.44198497102644	115.46244984346218	-2.330091239530656	-67.60096683632538	40.62717744882592	-6.92025004854273	-9.332563374534177	5.810416862690359	-22.899736780319575
2367	-3.3000806500340967	74.10860511678334	160.33596174348259	47.29340069155089	-16.997695647362985	87.39901589925061	43.238607518965814	40.674167605538116	54.48929822801348	25.769506508814334
738	-89.0608958842843	-12.963650330029024	76.22187825510827	-40.5420755239675	-103.78344524503625	2.832564751192447	-45.30076818115988	-47.38062949336068	-31.90071054431228	-59.582932549902544
504	-28.89200223750225	47.95536590326138	134.95706919102923	21.0300049096098	-42.87713413144581	62.07015677672924	16.7540640472775	14.294364304584285	28.611086916627432	0.30168372944142197
2364	-22.048062566707017	56.50028652720616	144.99691070091112	29.017997075541917	-36.201525746119664	70.58925283610418	24.75350501196758	22.216220607441603	36.670081976865475	7.624079106372903
2018	-40.647144082935895	35.78421612406445	122.87684808863663	8.76981431971207	-54.73929178398209	50.10036364575097	4.427949045088823	2.0722873127094688	16.566283422507503	-11.56922044581815
1212	-55.12676611724233	20.842381345379234	108.18838546825408	-6.198719088406707	-69.35565094551924	35.58994393150902	-10.651851898575071	-12.931531037686197	1.8171442300920728	-26.04358447215469
632	145.93132209368045	225.5410223332595	306.66778174723385	200.03712877605216	134.042017808803	234.4796391258571	197.2578774532616	193.8759752914913	204.79427232832293	174.18973016814775
633	-50.737078363840176	27.50221879705802	117.1635813089621	-0.2442127733925379	-65.27913838422735	42.51241176164184	-4.774040731934757	-7.180319225409875	7.880603139247361	-20.836133182808634
1377	-81.09109771908666	-3.8094888632747232	86.36475554659039	-31.588982155474074	-95.93529416761595	12.057298850874375	-36.38758292017722	-38.61836679164236	-23.051534718011197	-51.155963218010115
1214	-97.79678838328257	-20.821561325161067	69.79716272254254	-48.81527841928387	-112.80345940569615	-4.56521031928507	-53.71029432181884	-55.81720946248238	-39.946580611087946	-67.86607688985843
637	-67.63837779740645	9.756484416786014	99.36250665647259	-17.89796998400946	-82.30323458097781	25.212600020758952	-22.562542480568286	-24.858303862108087	-9.565129709456446	-37.81588270607401
2422	-130.7961683529419	-54.19444833864086	37.66864980773964	-82.49581399228633	-146.2098595833146	-36.95348607882279	-87.67327250176196	-89.60391814385788	-73.10499005407048	-100.64607273474878
2423	-85.37663855316913	-8.88989642785463	80.56791987873265	-36.54421818001312	-100.12587820393846	6.887043751174682	-41.29037829334343	-43.44405915305518	-27.937914913610793	-55.782011532736384
1355	-103.33621966979081	-25.448174060175603	66.56773640990576	-53.784079841515165	-118.62569911538894	-8.788340474568564	-58.79388501381472	-60.945793166178575	-44.7658490917537	-72.95614810786118
2427	-122.0153402548573	-45.29147347370175	46.359736804095306	-73.46522291997277	-137.37002941743762	-28.211693439082772	-78.60340655134077	-80.60402757706407	-64.23287083133614	-91.8578312972048
1861	-62.95095529930022	14.045344464802566	102.9069183756422	-13.422713392714813	-77.46376532864537	29.238258601600744	-18.005876633357314	-20.299777049046785	-5.221307340034256	-33.32300837215261
1862	-113.74217149264757	-36.18420551028566	55.89507272308685	-64.55780651573586	-129.08226644317654	-19.294810570072848	-69.64494342336214	-71.71183806272488	-55.39773890626864	-83.39973337869877
3728	-65.44758053274212	11.097470180732838	99.55991082064176	-16.298257552504378	-79.89053817371718	26.216088580365536	-20.8637321736891	-23.09185569961896	-8.049926583626279	-36.04493733706984
1169	-134.08779087072048	-56.48120563827463	35.833249047980196	-85.09264585931408	-149.67655694483093	-39.71543840590235	-90.43660249808347	-92.01421555497915	-75.85420753891324	-103.42336612445891
165	-132.15096040981973	-55.61944719949279	36.24379940525264	-83.93683792902934	-147.58997515626632	-38.36412484557948	-89.11552082299711	-91.02206782122065	-74.50757470185265	-102.01971649740427
967	-98.57228279234249	-20.328004156609474	71.75471854252922	-48.755333816546184	-113.80306247287642	-3.8412120316626206	-53.72306817105765	-55.867121352712736	-39.77305411296025	-68.17084919305778
963	-36.795980295608125	41.518232627949466	130.56631798614683	13.96225175795414	-51.157794207368376	56.11539757123645	9.556014837073102	7.057569026978001	21.838462126561137	-6.975974364974619
3684	-132.1876478172954	-56.152090650312054	35.21416300664741	-84.28315184361136	-147.55861252348802	-38.935816607283044	-89.44913228775437	-91.35188812908493	-74.89379679498121	-102.2220550188117
1106	-126.95411148975013	-50.3694073432339	41.352138718750744	-78.61056577727729	-142.3341395632205	-33.2285262313158	-83.75778867054353	-85.71800068921559	-69.26487844732885	-96.84637890751992
1101	-64.04610101900076	12.613557273068533	101.0801557871357	-14.808131858956328	-78.47769868386791	27.69988940114726	-19.350170413040363	-21.582421430903615	-6.5737350778498875	-34.61191682258272
1515	-88.5429194254703	-11.461754166610895	78.86829681249426	-39.28097322543622	-103.45411772346873	4.613567192790767	-44.12051153702106	-46.30877392668694	-30.627377583068558	-58.60062584505491
1517	-73.76872875556971	2.8437794973022137	91.79002013315768	-24.69299557333883	-88.34146153539253	18.23162873509584	-29.341130018111613	-31.529845552342316	-16.291623410777515	-44.250560657266426
2107	-103.49648768656115	-26.444622948984275	64.56558356790393	-54.51905753884106	-118.61631266897719	-9.977323735598201	-59.481314612720666	-61.56630626999212	-45.56005235673134	-73.47752178961207
2511	79.68780842002144	157.85096199017508	240.65751715438972	131.94710697911034	67.10050257804384	168.65375197534206	128.62402026954643	125.61567953336625	137.72509206903246	108.13307921716546
1513	-107.94517158136235	-31.872594847912005	58.293650932505166	-59.66397315644879	-122.96263650761394	-15.425261616410415	-64.62392557191926	-66.65159993652456	-50.723566159512835	-78.23060544271706
2635	-127.32893246757575	-50.93817655183289	40.52193397256157	-79.13941896121345	-142.67661289515226	-33.84402360960044	-84.2632954195828	-86.19902941759405	-69.80746078408153	-97.2898424802923
2738	-105.44736394405591	-28.508409904721486	62.47694262812697	-56.58722612908248	-120.5641448896533	-12.019430791379206	-61.54803449794735	-63.6177474006369	-47.59890976278846	-75.45344517199482
2633	-19.88767019712763	59.63759461050537	149.1655106446214	31.867865544139196	-34.18069206958573	73.8634017801789	27.575247196491368	24.974338006782876	39.58428248228146	10.140234243271559
3534	-126.08170158665338	-49.99465477241668	41.1347114465621	-78.03078870968926	-141.3760321725692	-32.91864559118707	-83.15978964917774	-85.1111056466863	-68.77884925325334	-96.12413114299164
878	-0.3959768781936208	77.35689864127488	163.83627603367586	50.43021861755422	-14.09573662394504	90.60912350699425	46.4220685378988	43.83845618435333	57.64440583924998	28.730146114031616
643	-42.454964730332875	34.34565997284752	121.87827230798506	7.197494052833901	-56.58729902489619	48.79204567952804	2.833942934799931	0.4829117210621982	15.032928549156805	-13.176269706389158
3437	-116.80415040032074	-39.52655295326808	52.46621472584143	-67.8231971917449	-132.17957644706505	-22.52716484892101	-72.94106823316677	-75.0038576450614	-58.63919825475571	-86.48960758256179
2743	-108.22075688571937	-31.83678178104382	58.71049286374285	-59.740877040805856	-123.3042393671434	-15.31748972595264	-64.71432665461178	-66.7597257428793	-50.758223019027426	-78.39477427255781
3187	-63.62694376861203	12.31012099113872	100.00503108064679	-14.830700693140237	-77.95022192773136	27.295616320731334	-19.352950967070903	-21.576973224206693	-6.684021068575748	-34.44678793750857
2031	-107.72408722264097	-30.51803939285721	60.86760906088275	-58.678894966345226	-122.92974345446923	-13.871199026337077	-63.70009966212779	-65.7842789662293	-49.656287453728844	-77.56587508317908
2748	20.59454032167695	97.00512691706399	180.95169093395333	70.89371595789166	7.413382923324278	109.43135346897927	67.10188306766975	64.45827005954385	77.56909872012477	49.06062157870736
892	-99.36148840291915	-21.468168653036656	70.25919962544877	-49.81210392142273	-114.56189387497993	-5.030048527973429	-54.75371184455747	-56.891201552816916	-40.83061016275862	-69.0946814076385
894	-39.86188683132749	36.88921600551157	124.3156308717636	9.826127054366381	-53.98724618778646	51.31708400144192	5.4570029328846505	3.068349465907266	17.607530055803696	-10.619742026814123
895	-73.63049220918039	3.7242192832289134	93.47991696993223	-24.056983740357367	-88.3328528736894	19.228039458540373	-28.73332801541696	-30.973122393985292	-15.604618702415486	-43.83902215053155
3484	-81.69900059619333	-5.688770274761335	83.07226773189716	-33.09608593203882	-96.31669300949021	9.923335631860319	-37.80686820981434	-39.9627447138281	-24.62121938246136	-52.28688834017536
1152	-73.13673325840955	2.8010426461829208	90.97971800919403	-24.522558275376994	-87.5990159990702	18.059399377085978	-29.110354859140116	-31.256555212544537	-16.161641177393964	-43.90472417010383
3548	-107.77211216279468	-30.154171641210752	61.74386012175176	-58.42865584852116	-123.07166216384991	-13.375393144807468	-63.482067639751165	-65.59682859283446	-49.37750742533684	-77.40490591748608
1972	-115.37704969254622	-38.171177600423135	53.65075141559512	-66.4532667187449	-130.69607426481676	-21.27120389654938	-71.53626737731231	-73.57989027050264	-57.271204417871736	-85.13276327312336
3131	-6.95949942346742	72.88004269063397	162.1100361768377	45.19642320539937	-21.137978357829244	86.76988199064222	40.977025659070115	38.29314444456793	52.68458582884006	23.061251094712457
800	10.262694397191432	88.95331601356011	176.0101200970609	61.945673109061154	-3.4738128997231326	102.14529835509838	57.92186896557909	55.20310804046905	68.98952722633165	39.73812908553354
215	-128.19054354628702	-50.627461757566664	42.22626470967065	-79.22663407957444	-143.74708424446982	-33.2897452398306	-84.42399278585839	-86.42824518328766	-69.77669421638586	-97.70663493442686
1782	-98.70034581375086	-22.926009582870407	66.43726398680164	-50.48246803967414	-113.53332103730973	-6.802299317052015	-55.340349669085306	-57.39550790628253	-41.73480836591746	-69.17478866648109
2842	-99.92069101407645	-23.954704751529132	65.63401461091442	-51.646787540077945	-114.77871316187526	-7.825330050245877	-56.49775431973955	-58.5233060661103	-42.81508956013852	-70.36588555171004
767	-54.523873870371375	21.77841120105108	109.39642140667836	-5.391237427655691	-68.76861541429835	36.50861709280816	-9.841627927990416	-12.090590074342197	2.6519369604591088	-25.340616319875583
3325	-59.019715615985675	17.77077780437132	106.23626120265834	-9.612092962066214	-73.44552365987855	32.7755406621723	-14.123601387101552	-16.42726540011302	-1.4556578938551474	-29.568355542880415
3329	-36.159863848848964	42.341255210872504	131.60225546836398	14.765178424483288	-50.55700513837594	56.999073085198006	10.334622501520153	7.829494362808026	22.614708669695354	-6.241774798379499
3047	-8.19547103353139	68.42557763687412	154.0844692329757	41.84716384280002	-21.85898032097167	81.8339888990315	37.77499782243638	35.23427457736956	49.05231284189273	20.679403210257373
1774	-50.083535409281104	26.35716676220132	113.97655920645467	-0.7884607873231623	-64.32726568350198	41.023959429744906	-5.212144483158953	-7.523578329293151	7.185419172861061	-20.86584601324622
2321	125.58318034369448	205.02371656626983	286.9867161546498	179.32314075694603	113.42848788883761	214.59593143621785	176.35824372903267	173.07622255609613	184.40838314496318	154.0244244196895
1776	-60.69447100813436	17.588330328192626	107.81080793889042	-10.313530386656709	-75.3750504389609	32.89721456855678	-14.938993882609683	-17.29428980459304	-1.9956413183763084	-30.686252021125746
1237	-121.61451487968758	-45.17514639865718	46.07936247535879	-73.30604254643684	-136.8977702381104	-28.244459462026594	-78.38783035674055	-80.36852198612202	-64.05863662335825	-91.60118298320536
1075	-114.43389009221447	-38.49223886679581	51.790493084105876	-66.347708949961	-129.4980923950881	-21.894301046397885	-71.35056205199342	-73.3127679528354	-57.30352651180628	-84.70162413329447
1073	-122.45963772449342	-44.51747720404237	48.47843669066811	-73.13263994622955	-138.01050105357604	-27.270084972964984	-78.32024307694878	-80.3742163465249	-63.77875664852248	-91.85689372877334
280	152.37788382669646	232.8481328201551	314.64910564790745	207.17363132654748	140.42428045186315	241.77701990836655	204.3991703903444	200.90330091380696	211.88212002272914	180.90727065954874
1671	-132.99439339041163	-56.375106217290266	35.623966306558344	-84.74270625501296	-148.4248430902983	-39.024956627164606	-89.93963634154865	-91.83912580420427	-75.27977724832495	-102.80695291554683
3762	-5.301247133419948	73.87489909416624	162.26468430182007	46.451537999494995	-19.34276553920213	87.58672732208956	42.28820110179595	39.618238455787164	53.83542753724258	24.465096421400364
2290	-33.6365318775584	43.820970679833486	131.76954655406468	16.59260172018311	-47.81045571512072	58.15577397810836	12.25035098354451	9.784185608779325	24.341436414130225	-4.197929719971314
3769	-48.5147135622057	27.913358101250154	115.43806947651949	0.849128879255619	-62.724521187600324	42.58243204278669	-3.5931337321935515	-5.927927443757405	8.75349579391865	-19.271411305854464
3483	-131.51618271517015	-56.094020912305204	34.49530814838795	-84.02187522468783	-146.75737965679627	-39.04011421873427	-89.14545771111126	-91.00515775361629	-74.70047438182708	-101.80462353525901
671	-80.30181749937879	-3.164096584049629	86.75093300730312	-30.949714262462706	-95.0764201671001	12.565445333762323	-35.69815423265619	-37.89147292735157	-22.387784722705202	-50.50197598521043
672	0.54296622470838	78.78119763447769	165.7967993148421	51.80384014472961	-13.23782945545112	92.19764390354216	47.72601991961748	45.0620511463585	58.97416607474239	29.95352939880575
673	-51.3840090363303	25.03487286737406	112.6549991705968	-2.1429430834497474	-65.61693457206	39.69348061060226	-6.555271766763867	-8.840068422351028	5.868230468141904	-22.205690190557565
3135	4.748084205131092	81.21917469392524	166.0062294439586	54.802974630365256	-8.669313818074986	94.07385500445736	50.8963938806691	48.360549459101186	61.81602357095939	33.324566417236255
1292	-84.98752245768884	-9.01496388403208	79.85670762436125	-36.447719966186924	-99.64724884401708	6.709418540261378	-41.18605699876126	-43.31318058437413	-27.910455127209996	-55.53643908624688
267	-79.93111418494335	-3.2899429222913	85.98939112412243	-30.92941017904163	-94.60553184180594	12.292438228694841	-35.627913210676084	-37.791045038259526	-22.408787526589265	-50.3560503878679
266	-12.60620456516535	63.87738208756138	149.53277185176262	37.246772897042426	-26.246447953988433	77.30980435461157	33.17027044970673	30.69066536122223	44.53749625544594	16.201387081489386
3648	-97.94570220103355	-21.46007020614447	68.57248975722761	-49.29500198713932	-112.85287739185333	-5.320061970541731	-54.14530341639087	-56.20430763321232	-40.47349744382646	-68.20792167544383
574	-99.01515253317145	-22.038990634263158	68.68599316940761	-50.01349827304361	-114.05390681034088	-5.689696824745416	-54.92323687675504	-57.0494697906134	-41.1416760471538	-69.03426241526775
2555	-129.87530968798532	-53.82720796904124	37.39073331642089	-81.95994746942078	-145.19062574206558	-36.7317851080274	-87.08694827616182	-88.97985161113817	-72.59381435986371	-99.96674767817548
2499	-126.3683519815432	-50.75878591370648	39.756181725466966	-78.69449388374045	-141.54867214380255	-33.85797226714887	-83.76944134203733	-85.65617387144295	-69.4372751964601	-96.65410537887513
2551	-81.3665252824665	-6.006362450359234	81.95045524000018	-33.19758889236732	-95.85152395004994	9.471446142115997	-37.8625768758254	-39.967557780644576	-24.792991518713063	-52.186861271399565
2552	-42.80744628730659	34.39533107419236	122.50853334618215	7.109178270083253	-57.06248071381612	48.97349638094991	2.698773770769953	0.30874556291237315	15.026889351848444	-13.378939920828357
3039	-106.3576883082963	-29.42476441898687	61.63076278769988	-57.46160680657725	-121.51639699636871	-12.826794431173298	-62.45497112053186	-64.53989152210113	-48.489120095227236	-76.28324790475932
2491	-112.82913839292894	-35.175043832431285	57.02134948941855	-63.564657624165754	-128.18927467172253	-18.25677564505577	-68.64061969164058	-70.7321830122487	-54.39708007974508	-82.43857159664968
3037	-37.423708035636466	38.567239704475135	125.00415662758017	11.802244198139016	-51.37425543229083	52.77320091725019	7.4952277782301815	5.122546827323651	19.46599738654419	-8.468773200692283
3030	-49.35337653195799	26.78162162887852	113.95707747050326	-0.25078311781249835	-63.50303406122933	41.3289205063239	-4.654507534719788	-6.944788627407879	7.678649561411068	-20.278684794300297
50	-37.484278772795626	39.32852492739659	126.71883072047575	12.234667847898834	-51.58431185696471	53.65587255077937	7.921342190575043	5.520108649196377	20.029500625037546	-8.256771005838504
2496	67.87631575800408	147.2295240791234	232.10867428231245	120.77730690182219	54.860750715806915	158.6866041335866	117.28054580993764	114.24446725126789	126.87789050990955	96.95360128348864
535	-75.00507406717121	1.9947147641508345	91.46701299885675	-25.635964181546065	-89.69416242216884	17.5634608531988	-30.348528547089263	-32.564222692014646	-17.22802888113227	-45.25453164109981
2395	-111.98734417776613	-36.301476929748304	53.60355786851826	-64.0680567389534	-126.98653003471712	-19.82961893794676	-69.00628777126504	-70.96808828955236	-55.049811676448435	-82.42155211199126
1410	-125.60244432658934	-60.150121729776316	16.069864227874127	-84.16605314622102	-138.18090280374764	-46.53223114151753	-88.8497215509742	-89.9781428356213	-77.55994337862222	-100.33097662956453
539	-99.06112244882286	-22.344205413049725	68.07049901920894	-50.243377891410674	-114.0419862086737	-6.07375913674117	-55.13921453375334	-57.22995384056489	-41.396355337640706	-69.20828272630052
538	-23.93337886740861	53.24843269935576	140.33275772085122	26.258539931947755	-37.89781072216065	67.21877512747622	22.03033005014291	19.53899265400772	33.784861484028355	5.303422440993943
2779	-92.8694134952566	-15.17329585117988	76.07456867354738	-43.2673658707244	-107.96527683129504	1.147146605870299	-48.185531522439305	-50.373481374632725	-34.479060538290504	-62.63649154348523
56	24.96915432490528	102.42195390068352	187.27102068844857	75.97805183620987	11.693825723124228	114.82026010274188	72.19409286287178	69.47895769304418	82.6978691204038	53.731619468732255
1324	-43.32441668317737	35.30130615775412	125.02332984871603	7.513224500935108	-57.82768237515398	50.1239467056021	3.0349373981807632	0.5677724920727396	15.549531736094753	-13.362021796166857
983	-100.09542716223154	-22.101024362134734	69.77784706464867	-50.48543781543077	-115.30966087384984	-5.615955234059499	-55.437768350773766	-57.575366764476904	-41.48507677187523	-69.77552368005253
2773	61.074616328972084	140.81512942888313	226.37603815949643	114.08112461387978	47.92815152235335	152.45903359884616	110.51870471710848	107.5295631786541	120.34934590882453	90.30701804899907
986	-119.7297254628366	-43.77911206715486	46.79544945387192	-71.73909328656491	-134.87911324395586	-27.022239244601778	-76.7699566247968	-78.70870727438357	-62.56383868773994	-89.96394339076957
2776	-132.17078599936403	-56.12614980575688	35.17104087911526	-84.28605680892485	-147.51298643719585	-38.97564009045648	-89.43059771259689	-91.32352379400255	-74.89895385972005	-102.2348826590157
116	-62.6706234408532	15.770313275887009	106.28335350324377	-12.177116832746954	-77.42542568804537	31.225638211725936	-16.83238374713269	-19.207939746263097	-3.8470324956512307	-32.518540431973946
771	58.15947436903618	136.39267346796416	220.44200266157569	110.17434553008142	45.22635884381208	147.93393426016405	106.65098343155857	103.73760381397763	116.35003837304804	86.89203381188172
1859	-116.87136277794693	-40.4852827857406	50.44449093211912	-68.51803689591307	-132.06516508057103	-23.702357042548552	-73.5571593867977	-75.55468474622003	-59.379645802973485	-86.94065648807046
2787	-36.22282559142279	40.27085161226785	127.13318455207794	13.273733055300713	-50.21992496567604	54.42683852500135	8.997198835504884	6.648978503565134	21.005656723125785	-7.184865647261513
251	-120.46999459187337	-44.474324135308585	46.26279666007883	-72.43393607380771	-135.67046479685902	-27.647104680596836	-77.49116238500798	-79.45503967292098	-63.25083583860937	-90.66888665017679
1850	-63.79713816982326	14.693076331075332	105.31172843389837	-13.311550230361352	-78.57486065930436	30.16170237258214	-17.977457762315243	-20.34116261951405	-4.937664931754	-33.63966398023861
1256	-131.0009861837231	-53.37118385178165	39.698887183472976	-82.03412308634405	-146.61869971829722	-35.93892876601313	-87.2661353380562	-89.25349462976511	-72.5258772238458	-100.45632266625968
1250	-77.59324575564192	-1.3682618626795118	87.32745571971533	-28.814181587074835	-92.16016180963618	14.100970580479483	-33.47263561377024	-35.61902459326729	-20.397325863488383	-48.15599364548098
1251	-70.79268493789945	5.8595550967860675	94.77853634303172	-21.647158126482534	-85.37154505898977	21.20474552508428	-26.2727078220608	-28.497415893121	-13.27584107902743	-41.28237443406846
915	-117.25070791520587	-40.75868512711424	50.37775557190192	-68.78971809540359	-132.4820264972203	-23.871606901829075	-73.86487294351916	-75.88336627785576	-59.67300443207528	-87.22721738941065
2076	-106.14120760903623	-29.431022169440457	61.30350149065383	-57.403779314710356	-121.2385857702027	-12.931262875893337	-62.38279591301639	-64.43987596275997	-48.46412664486153	-76.16463228207989
427	-74.35269987145954	1.826885604941227	90.39695809064112	-25.54920847455099	-88.90726485734507	17.2235824003382	-30.18882870106996	-32.381562603555096	-17.1866923711909	-44.96479632608556
426	-89.52152840862732	-13.462766814038208	75.7271886487924	-40.989045905699776	-104.2671797562692	2.4016708882420965	-45.781079003086404	-47.88509993979529	-32.38419085779643	-59.9982735727663
2600	8.733234171743891	85.4958614341758	170.36533027448814	59.02331531076916	-4.654709579968054	98.26454657876367	55.15215074339869	52.57424868279747	65.9948984490741	37.36998263616252
2603	-129.1160282072629	-52.4028586407561	39.55335704738713	-80.72528480192766	-144.54742311364407	-35.17575496874162	-85.88871427350661	-87.85151664555143	-71.33577686285004	-98.93834646732853
300	17.98852395623534	95.69801733191626	181.2679475363214	69.0778398941576	4.532658535658668	108.41327172440259	65.20489068930512	62.50588257566192	75.94955879169196	46.94328241514598
3819	-133.3170325333258	-57.115350901901614	35.13284540468415	-85.20442830819727	-149.5527347338176	-39.56817438457873	-90.48868751379274	-92.25241051435546	-75.83440344606959	-103.42139828472327
2608	-97.85025235663258	-22.014562663437857	67.3637123334985	-49.57793619811196	-112.67827060388582	-5.912830110246621	-54.42599285697556	-56.49037622503474	-40.848196823706864	-68.29870299125362
3263	-94.10986465845768	-18.257571360586812	70.94138091370606	-45.808907660986954	-108.88329605871328	-2.2975815038131757	-50.61392407929119	-52.67816745739193	-37.109559028537454	-64.63515214069503
1937	32.22551124069207	111.16268742434552	197.39394728440328	84.32279618310426	18.76970863723371	123.64087572891017	80.525645745327	77.70061139533409	91.05691459186971	61.494521176546314
1936	-96.74947785299257	-20.13390241236234	70.04126445919873	-47.98390169541256	-111.69415197167206	-3.9624578550625356	-52.84866427775636	-54.939705573725824	-39.16920598633288	-66.96741275621817
3464	216.63193957983202	297.4665691326734	376.28650530363376	272.52480188222466	205.61102969505566	304.30337944166587	270.32976003782494	266.5834612285424	276.1388280949448	244.5468285087372
3461	-35.889099986380415	41.2820419390715	128.8928653287699	14.108412165942653	-49.998316041104	55.60864432761345	9.782226621551882	7.36218561350435	21.8589626773078	-6.532134496772
849	-51.06188075154987	25.72442259685251	113.71661639213126	-1.5497642924113515	-65.34177059150552	40.435148241788525	-5.999192059877704	-8.31277011905675	6.457952782922513	-21.726164846089514
2671	-119.24117929279069	-42.222535038486264	49.61799052756677	-70.45004571925038	-134.6049430587844	-25.16956672742305	-75.56945009824764	-77.61980132996034	-61.25245010525344	-88.97907608311465
2674	-42.51635112904033	33.78622789727874	120.85512825478428	6.830945450188276	-56.61344465577156	48.20845455994281	2.471917826147492	0.11886114707766963	14.614190904552373	-13.408898256470362
2678	-85.36950479541314	-9.178469061327043	79.94100732257569	-36.73668166987251	-100.06879625803747	6.5283322413366625	-41.47070295502015	-43.59990102155109	-28.153633975471564	-55.89100614572074
1738	-55.6178019778284	21.483152564932002	110.12580727297602	-5.881853995255981	-70.05357433609358	36.51047617610051	-10.433678871138673	-12.783904352984843	2.180018417648297	-26.013570420527298
1632	7.985123943742715	85.2492163064817	170.8243835262108	58.654488673540286	-5.543542833866162	98.22486721044072	54.71045669123546	52.076909150252355	65.64477461536707	36.89568402493346
1634	166.7709209820989	248.20282892374493	330.324046630692	222.41164182556585	154.8764324921019	256.8433334702653	219.7118695821021	216.1280242791653	226.94348038228617	195.52778459523412
3213	-18.467427618500114	59.197515148767664	146.57277428325764	32.14398836489846	-32.44212980445589	73.11532175746952	27.916439311302728	25.36050183484205	39.60937628803583	10.90987725611305
1639	-102.88656532655628	-25.976524156614374	64.90038303321714	-53.99979236174743	-117.98464445945095	-9.540743000787458	-58.936216657554304	-61.03321624303127	-45.04592663221524	-72.90220238081424
1736	-98.30910537435344	-22.202634471031505	67.46173514897514	-49.924964259905	-113.17178856320498	-6.115284296628386	-54.75581318827073	-56.800415241333724	-41.114027332614235	-68.7292359917261
568	-79.42485555179024	-2.229053131566278	87.68524692366651	-29.985595009255796	-94.20085267693665	13.510121885172717	-34.7450112982629	-36.97203537920522	-21.476828517930027	-49.56627609369708
569	-91.51807854643131	-13.573560705997101	77.86577687129507	-41.73530742845269	-106.62164433798883	2.7324782279985262	-46.66089710048587	-48.87323140362503	-32.944836614919474	-61.22663803377367
756	-52.88377811059496	22.892099751615415	109.84034763807131	-4.083926926264402	-67.00634337982012	37.478028981338	-8.475756307086051	-10.727341128766394	3.8810697212516883	-23.91892657031691
2183	-104.00942682890405	-26.93216393457211	64.11501495734424	-55.00377257826934	-119.13047874184551	-10.43000845573828	-59.96852514185518	-62.05641977937925	-46.060024291683575	-73.93415463576805
506	-119.8866127837195	-42.201024272592925	50.339455193296295	-70.70832601495518	-135.34938650359675	-25.105453716115292	-75.8548346997782	-77.89206646404617	-61.427251228785266	-89.43572249934836
1591	-107.01084089529962	-30.089561307832696	60.95033746302057	-58.12841482084929	-122.1447600870965	-13.505988398364726	-63.12222062882637	-65.18966186747735	-49.15377231380899	-76.95110894333534
2189	-9.686663966579731	67.65575749777175	154.10020185259128	40.74964041324244	-23.438403307790193	81.11135527500221	36.66815333694394	34.159731217551304	48.073170451382005	19.402703706983303
222	73.76131080256116	152.17986208880478	235.6967803312416	126.10278548358549	61.001702709268685	163.2358448229878	122.70868940189682	119.69605616999334	132.03806980533534	102.36288290945495
2212	-75.13210090407989	1.199441717495404	89.98457590955927	-26.229098615925178	-89.72287237420635	16.651012642534564	-30.895813274749987	-33.10001739192903	-17.84855502476721	-45.676323328323875
1027	1.001345043314476	77.75460047379114	162.99883706799886	51.19418724065904	-12.48784402812023	90.75798749248574	47.233718417734366	44.70226917785778	58.2801881932078	29.72458307156521
2217	-125.88215705883368	-49.34149089868193	42.23210759736229	-77.52916672635959	-141.22921572790918	-32.22608314165319	-82.67034601536754	-84.62103181347727	-68.23723307115188	-95.7640499184791
2215	-44.20936908341384	32.41970119801975	119.965146891422	5.3581856790176445	-58.39588940420923	46.992339457638884	0.9452597569577658	-1.4196609278322962	13.183872409277434	-14.917718339281963
1022	-116.65374426377586	-38.82786868885868	53.724322176679046	-67.36104953230057	-132.08734752140325	-21.82824302030853	-72.46732454672618	-74.52978969645706	-58.09242127300654	-86.20578829303304
1186	-26.842662892352347	49.07644812984369	134.8289262432496	22.453346665006755	-40.60647790145079	62.884989218952356	18.274759682143635	15.878473897939028	29.928399924597656	1.9413008372460083
1184	-65.4510153789342	10.975923413317757	99.3593557715252	-16.348930546725324	-79.91200191449951	26.150157876334184	-20.934203465101376	-23.17083014402883	-8.133062673713564	-36.058900691938085
2358	-105.46352675302117	-30.079479364472835	59.13493751951816	-57.6211822322383	-120.3107170208839	-13.851235737023217	-62.509479433081815	-64.50046105437538	-48.77956594475915	-76.04636971011874
722	-67.44472561397252	9.340976000514416	98.17618738745722	-18.177707528838702	-81.98548416211125	24.574494528471146	-22.774830689244112	-24.998934353449084	-9.863364546594061	-37.939087951354345
1745	40.506564115942375	118.10424302921896	202.37663054186862	91.87971688885652	27.405086698127665	130.12415535704343	88.21091598942488	85.39607833054079	98.29429226900002	69.22932226293273
2356	-89.61472289094232	-12.587682090275411	77.66044083781428	-40.50381622665757	-104.51529733869755	3.3761325248066343	-45.3115921456512	-47.43314213891181	-31.773822934361707	-59.79033849858424
728	-95.8601832117962	-19.89529321470273	69.53761540872031	-47.484899054251436	-110.68641649585632	-3.842825699886975	-52.32462958140416	-54.40389658258576	-38.76451780065939	-66.30214734525188
1164	-129.32883127504192	-51.92486999261611	40.78401735941878	-80.50235610912877	-144.8863023806483	-34.60595982335931	-85.69863954158815	-87.67815865722429	-71.03873584489882	-98.88755636802028
606	-84.68138261653328	-7.47492881476863	82.81141897278818	-35.31003890018126	-99.57475145446682	8.478771770952065	-40.11270723459425	-42.32761840730864	-26.68888661204454	-54.761006476658004
1485	-131.5810262085898	-54.80722512376259	37.31945201223012	-83.17899940828518	-147.05257980070468	-37.500139522686815	-88.38767683812354	-90.32620295357128	-73.74814667752567	-101.34837164729528
1207	12.892083757226096	91.75383601551088	178.830255699537	64.64741446742916	-0.8179021948106149	104.78853619726044	60.68356954572262	57.96978206037694	71.71403498032036	42.304035661872845
1201	-130.14821444402259	-54.02747065221239	37.30051434964551	-82.18627161842436	-145.50003225858066	-36.894725437676534	-87.32239174511112	-89.22934460419238	-72.81658104672911	-100.19200334706129
1210	163.6682426424091	244.5784102850922	326.29726387761735	218.93998477128005	151.811814715852	253.2372673741583	216.2328160352879	212.66129535463318	223.4760949113719	192.27873511291196
2584	-119.87575670923059	-43.513673485297886	47.55724602452021	-71.60901396428942	-135.11208939090972	-26.66380729749956	-76.66931752234882	-78.62807294914161	-62.390207663481576	-89.94274311655948
1899	2.2445750347471938	81.21735787956288	169.0033012945922	53.96550850667119	-11.651033784293523	94.65901535162278	49.87945198826667	47.174304679921164	61.20634424307013	31.85209328177031
1894	-117.7052011485092	-41.95188430974089	48.3320153365434	-69.80391006504307	-132.80337791688822	-25.270707523591355	-74.81081382912942	-76.7560352388481	-60.683768177551876	-88.03950069770683
3731	-95.9665835602624	-19.94270113688544	69.56363101138173	-47.56870956012066	-110.79525856207482	-3.886250697176079	-52.397009179171086	-54.473642370124345	-38.81965674341956	-66.41027648403602
468	57.98811181199291	137.27718071667698	222.56535015676727	110.72715414212941	44.854897996634335	149.04587630383577	107.13687072112255	104.14414021378452	116.98147423700983	87.13281063651372
958	269.4785570946572	352.23186716299	430.4695195016105	327.39793123966535	258.8920482096098	357.7506410125867	325.586390927847	321.47643588120775	330.2144163313207	297.581505834193
2132	-122.91403156949725	-47.484837158739495	42.67436006304577	-75.27380823389164	-138.02368687891138	-30.696800107003792	-80.31869684550053	-82.23514465933644	-66.12500051263956	-93.27596540833704
2130	-110.5498930452652	-33.28859278027279	58.376199554209165	-61.4890292040755	-125.82227525387825	-16.477835416436935	-66.54275153785761	-68.62793215827368	-52.413422519157244	-80.31052983029717
950	-114.46373767502082	-38.8112173569882	51.189880612362074	-66.55211558064518	-129.5026835414965	-22.210860000526022	-71.54382354588503	-73.51757982094166	-57.523192853293594	-84.81477066468412
40	-122.97671412710248	-46.99765590567028	43.790634117491386	-74.99885897659415	-138.1975887556375	-30.114572461792925	-80.065149400103	-82.00761788450382	-65.77530170086891	-93.15399590677252
1299	228.3902916854983	310.6394999412345	390.4730196632826	285.3929595967129	217.28121110207397	317.3872430039367	283.2298065765504	279.3270913919991	288.90501806713644	256.73226158238225
5	-84.62128906047695	-8.617771488426328	80.19871538420428	-36.099365392117825	-99.25519579866769	7.019622803564852	-40.81104225601979	-42.8985071360957	-27.55310913709456	-55.215175646581464
1440	215.05553810294606	296.01788570884895	375.06461323777546	271.062443018389	203.9675069556102	303.0186539337204	268.83165244015106	265.045223497414	274.6694395840987	243.12026067097358
1119	-97.91240590537926	-21.402734591466267	68.67243161705035	-49.25012228164763	-112.82687972019312	-5.2670058224481755	-54.1009286993422	-56.16733389900852	-40.42231145164072	-68.19378610254863
1118	2.4769417082988534	79.59543113018486	165.20455151413623	52.932842485845015	-11.06925498840072	92.6458404695504	48.97028749097528	46.3914433818695	60.03944654738796	31.34680290012714
2502	-66.3494846497689	10.561742868616351	99.5828428864174	-16.895022002571423	-80.92100367646653	25.918313476413715	-21.51857042884524	-23.810600812024827	-8.645427499283915	-36.70010576291672
3471	-121.06558892662026	-44.78223471738866	46.292448816791264	-72.84470398941731	-136.3185058911821	-27.880747691926928	-77.92233380031699	-79.89588732257171	-63.63085245423302	-91.11979887649167
2722	-52.48015252493397	24.56032438792541	112.90438235534933	-2.803254586044099	-66.81273391048549	39.38372726796387	-7.280788561625303	-9.614125616090746	5.239377659873869	-23.00890117231074
2640	194.19521495187598	275.9094100029463	356.93207735907004	250.37596336580057	182.64309000332744	283.67498806602924	247.91876657115515	244.19011623698324	254.46002048168867	222.70935091155968
2643	-92.84640863461297	-15.730693026537725	74.81853068759621	-43.65915941636613	-107.8133749717159	0.42722837185543466	-48.53576150854998	-50.68916522862278	-34.90404152597724	-62.882219266839314
2647	-123.46988352414365	-46.954468955837164	44.46373329373999	-75.11014502583956	-138.7905017169935	-29.937320708981755	-80.22932636897443	-82.18762345871139	-65.86552929677016	-93.38465646363564
2589	-50.123025808910235	26.37394123919922	114.0632307182419	-0.7344616648005601	-64.36387141178552	41.08470211457359	-5.190740510759101	-7.523579883544942	7.201702346937382	-20.861206184657746
3784	50.168655203896506	127.6136857574893	211.1646463096654	101.51655656305648	37.249133120186784	139.20992688424082	97.95814657034919	95.14705337617382	107.77848986876675	78.639061475201
3427	-60.70692845096678	14.83510022504407	101.92801521685185	-12.182760281291156	-74.92080725547967	29.627350026067642	-16.634380238905315	-18.81813736410327	-4.08843900729922	-31.744697537696847
3426	61.83483398073335	140.49209450263442	224.84191785672493	114.2123843831402	48.87246171954279	152.01389564931597	110.67905640640987	107.71521235752245	120.33444096010614	90.72756484419553
3197	-127.33367896945477	-49.66412852740713	43.270085032259544	-78.29734075797074	-142.90911309751075	-32.35140116379166	-83.49513167697499	-85.50625614688332	-68.84978571342171	-96.84162808193366
3195	-123.24208913351374	-45.65624376225423	46.9570682659	-74.19346058919415	-138.72593912935184	-28.48869129330958	-79.347445310575	-81.3716776248721	-64.83075266829168	-92.80029940712625
2001	-65.61665444153141	11.386539771147328	100.40522035410721	-16.14896576468809	-80.17670596649666	26.626222329247515	-20.753498984572502	-23.022181321043234	-7.8765977657912885	-36.019724362378895
2006	-106.72916201459643	-29.119804856599007	62.62974102830225	-57.4533798533456	-121.96685342380128	-12.500401146619746	-62.452008260300126	-64.53692141118442	-48.3810528279619	-76.48632895730158
1363	-120.45146665237122	-44.581208017713784	45.94968740253937	-72.51113047633142	-135.60974722337096	-27.81447733702788	-77.564558307246	-79.5043119129722	-63.34742951720926	-90.70048658089058
2005	-46.020438357619376	30.327795822836563	117.60159316270145	3.247679328735571	-60.171384897368355	44.80407039871549	-1.1128720623276027	-3.4179323537135606	11.155103396045652	-16.919726406268406